	(1)	(2)	(3)
VARIABLES	poisson	probit	Abond
			
lmargin	-0.030	-0.002	-0.008
	(0.012)	(0.002)	(0.003)
int_lameduck_margin	0.042	0.003	0.009
	(0.017)	(0.003)	(0.005)
lameduck	-0.383	-0.015	-0.046
	(0.203)	(0.035)	(0.065)
l2afdctanf_exp_r_1mio	0.001	0.000	0.000
	(0.001)	(0.000)	(0.000)
gov_age	0.010	0.002	0.002
	(0.009)	(0.001)	(0.002)
pop_1000	0.024	0.166	0.007
	(0.609)	(0.093)	(0.006)
aged	0.319	-0.013	0.003
	(0.281)	(0.049)	(0.012)
kids	0.262	0.044	0.031
	(0.108)	(0.015)	(0.014)
_Istate_4	-18.441	1.000	
	(361.399)	(0.000)	
_Istate_5	29.920	0.970	
	(225.398)	(0.179)	
_Istate_6	863.456	1.000	
	(641.093)	(0.000)	
_Istate_8	614.923	1.000	
	(245.373)	(0.000)	
_Istate_9	515.861	1.000	
	(236.545)	(0.000)	
_Istate_10	-213.476	-0.849	
	(243.822)	(0.697)	
o._Istate_11	-		
			
_Istate_12	441.465	1.000	
	(391.985)	(0.000)	
_Istate_13	285.183	1.000	
	(264.067)	(0.000)	
_Istate_16	-170.785	-1.000	
	(239.528)	(0.004)	
_Istate_17	383.444	1.000	
	(211.476)	(0.000)	
_Istate_18	116.494	0.998	
	(217.516)	(0.020)	
_Istate_19	246.351	1.000	
	(232.842)	(0.000)	
_Istate_20	88.073	1.000	
	(221.071)	(0.002)	
_Istate_21	234.404	1.000	
	(294.060)	(0.000)	
_Istate_22	-40.347	-0.926	
	(256.934)	(0.559)	
_Istate_23	180.595	0.975	
	(219.537)	(0.183)	
_Istate_24	201.570	1.000	
	(259.497)	(0.000)	
_Istate_25	156.096	0.996	
	(248.167)	(0.032)	
_Istate_26	-115.494	-0.450	
	(224.560)	(1.146)	
_Istate_27	119.852	1.000	
	(259.873)	(0.000)	
_Istate_28	186.282	0.989	
	(231.694)	(0.096)	
_Istate_29	219.145	1.000	
	(212.799)	(0.000)	
_Istate_30	-89.595	-1.000	
	(224.756)	(0.004)	
_Istate_32	-20.263	0.904	
	(242.212)	(0.934)	
_Istate_33	-38.976	-0.549	
	(222.934)	(1.185)	
_Istate_34	273.324	1.000	
	(213.645)	(0.000)	
_Istate_35	28.452	-0.935	
	(218.876)	(0.430)	
_Istate_36	382.969	1.000	
	(239.938)	(0.000)	
_Istate_37	-94.749	0.984	
	(272.454)	(0.144)	
_Istate_38	-331.306	-1.000	
	(278.670)	(0.000)	
_Istate_39	373.576	1.000	
	(235.821)	(0.000)	
_Istate_40	285.169	1.000	
	(222.507)	(0.000)	
_Istate_41	281.310	1.000	
	(211.160)	(0.000)	
_Istate_42	76.608	-0.607	
	(242.065)	(1.140)	
_Istate_44	-592.384	-1.000	
	(294.780)	(0.000)	
_Istate_45	203.913	1.000	
	(213.794)	(0.001)	
_Istate_46	59.540	0.973	
	(221.154)	(0.174)	
_Istate_47	-104.568	-0.284	
	(220.004)	(1.100)	
_Istate_48	245.104	1.000	
	(455.274)	(0.000)	
_Istate_49	-141.544	0.954	
	(253.530)	(0.287)	
_Istate_50	418.526	1.000	
	(217.341)	(0.000)	
_Istate_51	311.183	1.000	
	(220.711)	(0.000)	
_Istate_53	-58.541	1.000	
	(274.199)	(0.000)	
_Istate_54	387.998	1.000	
	(257.281)	(0.000)	
_Istate_55	436.513	1.000	
	(211.372)	(0.000)	
_Istate_56	358.673	1.000	
	(240.235)	(0.002)	
year	1.655	0.019	
	(0.477)	(0.013)	
_IstaXyear_4	0.009	-0.018	
	(0.181)	(0.020)	
_IstaXyear_5	-0.015	-0.003	
	(0.113)	(0.014)	
_IstaXyear_6	-0.436	-0.145	
	(0.329)	(0.047)	
_IstaXyear_8	-0.308	-0.041	
	(0.123)	(0.014)	
_IstaXyear_9	-0.259	-0.030	
	(0.118)	(0.012)	
_IstaXyear_10	0.107	0.010	
	(0.122)	(0.013)	
o._IstaXyear_11	-		
			
_IstaXyear_12	-0.222	-0.086	
	(0.199)	(0.030)	
_IstaXyear_13	-0.142	-0.034	
	(0.133)	(0.017)	
_IstaXyear_16	0.086	0.021	
	(0.120)	(0.016)	
_IstaXyear_17	-0.192	-0.033	
	(0.106)	(0.014)	
_IstaXyear_18	-0.058	-0.008	
	(0.109)	(0.014)	
_IstaXyear_19	-0.124	-0.015	
	(0.117)	(0.014)	
_IstaXyear_20	-0.044	-0.010	
	(0.111)	(0.015)	
_IstaXyear_21	-0.118	-0.023	
	(0.147)	(0.016)	
_IstaXyear_22	0.020	0.012	
	(0.129)	(0.018)	
_IstaXyear_23	-0.091	-0.003	
	(0.110)	(0.014)	
_IstaXyear_24	-0.101	-0.015	
	(0.130)	(0.015)	
_IstaXyear_25	-0.078	-0.007	
	(0.124)	(0.013)	
_IstaXyear_26	0.057	0.004	
	(0.112)	(0.013)	
_IstaXyear_27	-0.060	-0.017	
	(0.130)	(0.014)	
_IstaXyear_28	-0.093	-0.005	
	(0.116)	(0.015)	
_IstaXyear_29	-0.110	-0.018	
	(0.106)	(0.014)	
_IstaXyear_30	0.045	0.021	
	(0.112)	(0.013)	
_IstaXyear_32	0.010	-0.000	
	(0.121)	(0.020)	
_IstaXyear_33	0.020	0.006	
	(0.112)	(0.013)	
_IstaXyear_34	-0.137	-0.020	
	(0.107)	(0.014)	
_IstaXyear_35	-0.014	0.012	
	(0.109)	(0.015)	
_IstaXyear_36	-0.194	-0.039	
	(0.121)	(0.017)	
_IstaXyear_37	0.048	-0.004	
	(0.137)	(0.016)	
_IstaXyear_38	0.166	0.026	
	(0.140)	(0.015)	
_IstaXyear_39	-0.188	-0.018	
	(0.118)	(0.013)	
_IstaXyear_40	-0.143	-0.020	
	(0.111)	(0.014)	
_IstaXyear_41	-0.141	-0.019	
	(0.106)	(0.013)	
_IstaXyear_42	-0.039	0.006	
	(0.121)	(0.014)	
_IstaXyear_44	0.296	0.048	
	(0.147)	(0.023)	
_IstaXyear_45	-0.102	-0.011	
	(0.107)	(0.013)	
_IstaXyear_46	-0.030	-0.003	
	(0.111)	(0.013)	
_IstaXyear_47	0.052	0.003	
	(0.110)	(0.015)	
_IstaXyear_48	-0.123	-0.074	
	(0.232)	(0.031)	
_IstaXyear_49	0.071	-0.002	
	(0.127)	(0.013)	
_IstaXyear_50	-0.210	-0.027	
	(0.109)	(0.014)	
_IstaXyear_51	-0.155	-0.029	
	(0.111)	(0.014)	
_IstaXyear_53	0.029	-0.015	
	(0.137)	(0.016)	
_IstaXyear_54	-0.194	-0.014	
	(0.129)	(0.017)	
_IstaXyear_55	-0.219	-0.025	
	(0.106)	(0.013)	
_IstaXyear_56	-0.179	-0.011	
	(0.120)	(0.016)	
o._Iyear_1979	-		
			
_Iyear_1980	40.537		
	(12.760)		
_Iyear_1981	39.183	0.083	
	(12.284)	(0.097)	
_Iyear_1982	37.304	0.031	
	(11.810)	(0.076)	
_Iyear_1983	20.084		
	(11.337)		
_Iyear_1984	18.582		
	(10.863)		
_Iyear_1985	31.821	-0.067	
	(10.402)	(0.044)	
_Iyear_1986	30.320	-0.052	
	(9.936)	(0.054)	
_Iyear_1987	30.039	0.039	
	(9.454)	(0.089)	
_Iyear_1988	27.973	0.034	
	(8.981)	(0.093)	
_Iyear_1989	25.796	-0.041	
	(8.524)	(0.063)	
_Iyear_1990	25.111	0.048	
	(8.037)	(0.094)	
_Iyear_1991	22.764	-0.049	
	(7.584)	(0.060)	
_Iyear_1992	23.596	0.334	
	(7.083)	(0.132)	
_Iyear_1993	22.171	0.479	
	(6.610)	(0.126)	
_Iyear_1994	20.768	0.465	
	(6.136)	(0.133)	
_Iyear_1995	19.432	0.483	
	(5.663)	(0.124)	
_Iyear_1996	16.650	0.034	
	(5.197)	(0.075)	
_Iyear_1997	16.828	0.493	
	(4.712)	(0.107)	
_Iyear_1998	14.737	0.264	
	(4.239)	(0.106)	
_Iyear_1999	13.370	0.380	
	(3.762)	(0.113)	
_Iyear_2000	12.083	0.673	
	(3.285)	(0.093)	
_Iyear_2001	7.956	-0.078	
	(2.840)	(0.028)	
_Iyear_2002	6.370	-0.093	
	(2.392)	(0.024)	
_Iyear_2003	5.551	-0.065	
	(1.889)	(0.035)	
_Iyear_2004	4.251	-0.053	
	(1.421)	(0.042)	
_Iyear_2005	1.769	-0.097	
	(1.030)	(0.022)	
o._Iyear_2006	-		
			
o._Iyear_2007	-		
			
_Iyear_2006		-0.098	
		(0.021)	
L.experiment_pooled			-0.071
			(0.028)
dyear3			0.093
			(0.131)
dyear4			0.073
			(0.130)
dyear6			-0.120
			(0.131)
dyear7			-0.128
			(0.130)
dyear8			-0.076
			(0.130)
dyear9			-0.072
			(0.130)
dyear10			0.045
			(0.131)
dyear11			-0.015
			(0.131)
dyear12			-0.056
			(0.132)
dyear13			-0.007
			(0.132)
dyear14			-0.066
			(0.132)
dyear15			0.376
			(0.131)
dyear16			0.528
			(0.132)
dyear17			0.648
			(0.134)
dyear18			0.762
			(0.134)
dyear19			0.171
			(0.132)
dyear20			1.151
			(0.131)
dyear21			0.668
			(0.135)
dyear22			0.753
			(0.134)
dyear23			1.083
			(0.134)
dyear24			0.054
			(0.135)
dyear25			-0.016
			(0.133)
dyear26			0.112
			(0.135)
dyear27			0.183
			(0.133)
dyear28			0.043
			(0.134)
dyear29			0.027
			(0.135)
dyear30			0.473
			(0.135)
Constant	-3,331.288		-0.619
	(955.888)		(0.421)
			
Observations	1,286	1,193	1,286
Year FE	YES	YES	YES
State FE	YES	YES	YES
Number of state			47
Robust standard errors in parentheses			
