	(1)	(2)	(3)	(4)	(5)	(6)	(7)	(8)	(9)
VARIABLES	cubic trend	decade FE		margin career	D(>median)	limit>1	drop nolimit	growth	add X
									
lmargin	-0.007	-0.009	-0.007			-0.007	-0.008	-0.009	-0.007
	(0.003)	(0.004)	(0.004)			(0.003)	(0.005)	(0.004)	(0.003)
int_lameduck_margin	0.011	0.011	0.012			0.012	0.012	0.011	0.011
	(0.006)	(0.006)	(0.006)			(0.006)	(0.006)	(0.006)	(0.006)
lameduck	-0.080	-0.065	-0.093	-0.056	-0.028	-0.088	-0.101	-0.071	-0.082
	(0.083)	(0.087)	(0.085)	(0.118)	(0.091)	(0.086)	(0.089)	(0.082)	(0.085)
l2afdctanf_exp_r_1mio	0.001	0.000	0.000	0.001	0.001	0.001	0.001		0.001
	(0.000)	(0.000)	(0.000)	(0.000)	(0.000)	(0.000)	(0.000)		(0.000)
gov_age	0.003	0.003	0.002	0.003	0.002	0.003	0.005	0.004	0.003
	(0.002)	(0.003)	(0.003)	(0.002)	(0.002)	(0.003)	(0.003)	(0.003)	(0.003)
pop_1000	-0.085	-0.163	-0.088	-0.119	-0.084	-0.103	0.148	0.330	-0.076
	(0.213)	(0.112)	(0.211)	(0.206)	(0.209)	(0.208)	(0.474)	(0.218)	(0.201)
aged	-0.005	0.056	-0.006	0.019	0.016	0.009	0.061	-0.019	-0.013
	(0.087)	(0.114)	(0.093)	(0.083)	(0.083)	(0.089)	(0.124)	(0.094)	(0.092)
kids	0.036	0.027	0.037	0.032	0.033	0.038	0.066	0.042	0.033
	(0.021)	(0.030)	(0.021)	(0.020)	(0.020)	(0.021)	(0.024)	(0.021)	(0.022)
o._Istate_5	-								
									
_Istate_6	76.789	1.727	68.273	53.420	82.069	61.918	203.350	353.950	78.827
	(173.487)	(2.181)	(172.429)	(167.992)	(171.618)	(169.430)	(330.184)	(185.757)	(163.212)
o._Istate_9	-						-		
									
o._Istate_10	-								
									
o._Istate_19	-						-		
									
o._Istate_21	-								
									
o._Istate_22	-								
									
o._Istate_23	-								
									
o._Istate_24	-								
									
o._Istate_29	-								
									
o._Istate_33	-						-		
									
o._Istate_34	-								
									
o._Istate_37	-								
									
o._Istate_39	-								
									
o._Istate_40	-								
									
o._Istate_41	-								
									
o._Istate_44	-								
									
o._Istate_47	-								
									
o._Istate_48	-						-		
									
o._Istate_51	-					-			
									
o._Istate_56	-								
									
o.year	-		-	-	-	-	-	-	-
									
_IstaXyear_4	0.002		-0.001	-0.004	-0.007	-0.003	-0.000	-0.040	-0.008
	(0.013)		(0.027)	(0.026)	(0.026)	(0.026)	(0.062)	(0.028)	(0.027)
_IstaXyear_5	-0.003		0.002	0.000	0.000	0.006	-0.030	0.008	0.006
	(0.008)		(0.017)	(0.016)	(0.016)	(0.017)	(0.042)	(0.019)	(0.019)
_IstaXyear_6	-0.039		-0.034	-0.027	-0.041	-0.031	-0.106	-0.182	-0.039
	(0.090)		(0.089)	(0.087)	(0.089)	(0.088)	(0.172)	(0.096)	(0.084)
_IstaXyear_8	0.016		-0.035	-0.034	-0.035	-0.033	-0.014	-0.035	-0.032
	(0.010)		(0.019)	(0.019)	(0.019)	(0.019)	(0.035)	(0.016)	(0.020)
_IstaXyear_9	0.015		-0.021	-0.033	-0.032	-0.031		-0.011	-0.032
	(0.007)		(0.018)	(0.015)	(0.015)	(0.015)		(0.015)	(0.017)
_IstaXyear_10	-0.005		0.014	0.002	0.004	0.008	0.007	0.020	0.000
	(0.009)		(0.021)	(0.019)	(0.019)	(0.019)	(0.020)	(0.020)	(0.020)
o._IstaXyear_11	-		-	-	-	-	-	-	-
									
_IstaXyear_12	0.004		-0.001	0.000	-0.008	-0.002	-0.078	-0.109	-0.013
	(0.030)		(0.062)	(0.060)	(0.061)	(0.061)	(0.134)	(0.065)	(0.059)
_IstaXyear_13	0.003		-0.008	0.000	-0.006	-0.002	-0.032	-0.038	-0.012
	(0.015)		(0.031)	(0.031)	(0.032)	(0.031)	(0.058)	(0.032)	(0.031)
_IstaXyear_16	-0.003		0.012	-0.002	-0.006	0.005	0.100	0.014	0.006
	(0.007)		(0.017)	(0.015)	(0.015)	(0.014)	(0.048)	(0.016)	(0.015)
_IstaXyear_17	0.009		-0.012	-0.018	-0.019	-0.016		-0.044	-0.016
	(0.010)		(0.021)	(0.020)	(0.020)	(0.020)		(0.022)	(0.021)
_IstaXyear_18	0.002		0.006	-0.008	-0.008	-0.004	-0.007	-0.006	-0.008
	(0.007)		(0.019)	(0.016)	(0.015)	(0.015)	(0.016)	(0.016)	(0.017)
_IstaXyear_19	0.006		-0.007	-0.017	-0.016	-0.013		-0.006	-0.016
	(0.007)		(0.016)	(0.014)	(0.014)	(0.014)		(0.015)	(0.015)
_IstaXyear_20	0.006		-0.010	-0.018	-0.016	-0.012	-0.009	-0.006	-0.013
	(0.007)		(0.016)	(0.016)	(0.015)	(0.015)	(0.018)	(0.016)	(0.017)
_IstaXyear_21	0.006		-0.014	-0.016	-0.015	0.028	-0.010	-0.011	-0.014
	(0.008)		(0.017)	(0.016)	(0.016)	(0.022)	(0.017)	(0.018)	(0.017)
_IstaXyear_22	0.000		0.001	-0.004	-0.003	-0.002	0.002	0.011	-0.011
	(0.008)		(0.019)	(0.017)	(0.017)	(0.017)	(0.020)	(0.018)	(0.018)
_IstaXyear_23	0.007		-0.020	-0.019	-0.016	-0.016	-0.011	-0.004	-0.016
	(0.006)		(0.015)	(0.013)	(0.013)	(0.013)	(0.016)	(0.014)	(0.014)
_IstaXyear_24	-0.000		-0.000	0.004	0.002	0.001	-0.008	-0.012	-0.009
	(0.011)		(0.023)	(0.022)	(0.022)	(0.022)	(0.026)	(0.024)	(0.026)
_IstaXyear_25	0.001		-0.001	-0.004	-0.004	-0.001	-0.575	-0.010	-0.004
	(0.007)		(0.015)	(0.013)	(0.013)	(0.014)	(0.112)	(0.016)	(0.015)
_IstaXyear_26	-0.017		0.032	0.032	0.030	0.034	0.042	0.004	0.031
	(0.008)		(0.017)	(0.017)	(0.017)	(0.017)	(0.028)	(0.016)	(0.017)
_IstaXyear_27	-0.000		0.000	-0.001	-0.002	0.002		-0.006	-0.006
	(0.008)		(0.017)	(0.016)	(0.016)	(0.016)		(0.017)	(0.017)
_IstaXyear_28	0.003		-0.005	-0.010	-0.009	-0.024	0.001	0.000	-0.010
	(0.008)		(0.016)	(0.016)	(0.015)	(0.017)	(0.017)	(0.016)	(0.017)
_IstaXyear_29	0.006		-0.016	-0.013	-0.013	-0.011	-0.012	-0.017	-0.014
	(0.007)		(0.016)	(0.015)	(0.014)	(0.014)	(0.015)	(0.015)	(0.016)
_IstaXyear_30	-0.000		0.004	-0.004	-0.003	-0.002	0.034	0.014	-0.001
	(0.006)		(0.015)	(0.013)	(0.013)	(0.013)	(0.025)	(0.014)	(0.014)
_IstaXyear_32	0.002		-0.002	-0.008	-0.007	-0.004	-0.021	-0.017	-0.008
	(0.010)		(0.020)	(0.019)	(0.019)	(0.019)	(0.025)	(0.019)	(0.021)
_IstaXyear_33	-0.003		-0.001	-0.000	0.001	0.005		0.014	0.006
	(0.008)		(0.017)	(0.017)	(0.016)	(0.016)		(0.017)	(0.016)
_IstaXyear_34	0.000		0.003	-0.005	-0.005	0.000	-0.004	-0.013	0.000
	(0.010)		(0.021)	(0.019)	(0.019)	(0.020)	(0.022)	(0.019)	(0.020)
_IstaXyear_35	-0.002		0.011	-0.004	-0.002	0.002	-0.002	0.012	-0.001
	(0.007)		(0.018)	(0.016)	(0.015)	(0.022)	(0.015)	(0.016)	(0.018)
_IstaXyear_36	0.014		-0.023	-0.034	-0.035	-0.029		-0.040	-0.034
	(0.010)		(0.022)	(0.021)	(0.021)	(0.021)		(0.018)	(0.021)
_IstaXyear_37	-0.010		0.021	0.020	0.030	0.021	-0.005	-0.013	0.022
	(0.011)		(0.023)	(0.022)	(0.030)	(0.022)	(0.045)	(0.024)	(0.022)
_IstaXyear_38	-0.009		0.020	0.006	0.008	0.017		0.039	0.018
	(0.009)		(0.021)	(0.019)	(0.019)	(0.019)		(0.021)	(0.020)
_IstaXyear_39	0.007		-0.012	-0.019	-0.018	-0.014	-0.014	-0.024	-0.018
	(0.007)		(0.016)	(0.015)	(0.014)	(0.014)	(0.014)	(0.015)	(0.014)
_IstaXyear_40	0.006		-0.013	-0.015	-0.016	-0.011	-0.008	-0.005	-0.015
	(0.009)		(0.018)	(0.017)	(0.017)	(0.018)	(0.018)	(0.018)	(0.020)
_IstaXyear_41	0.008		-0.016	-0.018	-0.017	-0.015	-0.018	-0.023	-0.015
	(0.007)		(0.015)	(0.014)	(0.013)	(0.014)	(0.015)	(0.015)	(0.014)
_IstaXyear_42	-0.004		0.015	0.003	0.003	0.009	0.010	-0.003	0.007
	(0.007)		(0.017)	(0.015)	(0.015)	(0.015)	(0.015)	(0.014)	(0.015)
_IstaXyear_44	-0.003		0.010	0.006	0.007	0.005	0.146	0.016	-0.003
	(0.011)		(0.023)	(0.023)	(0.023)	(0.023)	(0.054)	(0.025)	(0.024)
_IstaXyear_45	-0.000		0.002	-0.002	-0.002	0.001	-0.006	-0.001	0.004
	(0.009)		(0.018)	(0.017)	(0.017)	(0.017)	(0.020)	(0.019)	(0.018)
_IstaXyear_46	0.003		-0.003	-0.013	-0.011	-0.007	-0.001	0.004	-0.009
	(0.008)		(0.019)	(0.017)	(0.017)	(0.017)	(0.020)	(0.017)	(0.018)
_IstaXyear_47	-0.005		0.008	0.007	0.006	0.010	0.001	0.002	0.007
	(0.009)		(0.019)	(0.018)	(0.018)	(0.018)	(0.021)	(0.020)	(0.019)
_IstaXyear_48	-0.008		0.019	0.016	0.006	0.023		-0.097	0.013
	(0.029)		(0.062)	(0.061)	(0.062)	(0.062)		(0.064)	(0.059)
_IstaXyear_49	-0.009		0.019	0.009	0.009	0.018	0.061	0.018	0.019
	(0.008)		(0.018)	(0.017)	(0.017)	(0.016)	(0.052)	(0.017)	(0.016)
_IstaXyear_50	0.010		-0.018	-0.028	-0.027	-0.022		-0.007	-0.021
	(0.007)		(0.024)	(0.015)	(0.014)	(0.014)		(0.015)	(0.015)
_IstaXyear_51	0.004		-0.003	-0.010	-0.011		-0.024	-0.034	-0.007
	(0.009)		(0.020)	(0.019)	(0.019)		(0.031)	(0.020)	(0.019)
_IstaXyear_53	-0.004		0.009	0.006	0.004	0.009	-0.122	-0.014	0.007
	(0.010)		(0.022)	(0.020)	(0.020)	(0.020)	(0.044)	(0.022)	(0.020)
_IstaXyear_54	0.009		-0.014	-0.025	-0.023	-0.020	-0.013	0.007	-0.019
	(0.010)		(0.022)	(0.021)	(0.020)	(0.021)	(0.027)	(0.021)	(0.022)
_IstaXyear_55	0.017		-0.031	-0.037	-0.037	-0.033		-0.054	-0.037
	(0.011)		(0.022)	(0.021)	(0.021)	(0.022)		(0.029)	(0.021)
_IstaXyear_56	0.005		0.002	-0.019	-0.018	-0.013	-0.052	0.007	-0.012
	(0.010)		(0.025)	(0.020)	(0.019)	(0.020)	(0.066)	(0.022)	(0.020)
o._Istate_4	-								
									
o._Istate_8	-								
									
o._Istate_11	-	-	-	-	-	-	-	-	-
									
o._Istate_13	-								
									
o._Istate_17	-						-		
									
o._Istate_18	-								
									
o._Istate_20	-								
									
o._Istate_25	-								
									
o._Istate_26	-								
									
o._Istate_27	-						-		
									
o._Istate_28	-								
									
o._Istate_32	-								
									
o._Istate_35	-								
									
o._Istate_38	-						-		
									
o._Istate_42	-								
									
o._Istate_50	-						-		
									
o._Istate_53	-								
									
o._Istate_55	-						-		
									
o.year2	-								
									
o._IstaXyeara4	-								
									
o._IstaXyeara5	-								
									
o._IstaXyeara6	-								
									
o._IstaXyeara8	-								
									
o._IstaXyeara9	-								
									
o._IstaXyeara10	-								
									
o._IstaXyeara11	-								
									
o._IstaXyeara12	-								
									
o._IstaXyeara13	-								
									
o._IstaXyeara16	-								
									
o._IstaXyeara17	-								
									
o._IstaXyeara18	-								
									
o._IstaXyeara19	-								
									
o._IstaXyeara20	-								
									
o._IstaXyeara21	-								
									
o._IstaXyeara22	-								
									
o._IstaXyeara23	-								
									
o._IstaXyeara24	-								
									
o._IstaXyeara25	-								
									
o._IstaXyeara26	-								
									
o._IstaXyeara27	-								
									
o._IstaXyeara28	-								
									
o._IstaXyeara29	-								
									
o._IstaXyeara30	-								
									
o._IstaXyeara32	-								
									
o._IstaXyeara33	-								
									
o._IstaXyeara34	-								
									
o._IstaXyeara35	-								
									
o._IstaXyeara36	-								
									
o._IstaXyeara37	-								
									
o._IstaXyeara38	-								
									
o._IstaXyeara39	-								
									
o._IstaXyeara40	-								
									
o._IstaXyeara41	-								
									
o._IstaXyeara42	-								
									
o._IstaXyeara44	-								
									
o._IstaXyeara45	-								
									
o._IstaXyeara46	-								
									
o._IstaXyeara47	-								
									
o._IstaXyeara48	-								
									
o._IstaXyeara49	-								
									
o._IstaXyeara50	-								
									
o._IstaXyeara51	-								
									
o._IstaXyeara53	-								
									
o._IstaXyeara54	-								
									
o._IstaXyeara55	-								
									
o._IstaXyeara56	-								
									
o._Istate_6	-								
									
o._Istate_12	-								
									
o._Istate_16	-								
									
o._Istate_30	-								
									
o._Istate_36	-						-		
									
o._Istate_45	-								
									
o._Istate_46	-								
									
o._Istate_49	-								
									
o._Istate_54	-								
									
o.year3	-								
									
_IstaXyearb4	-0.000								
	(0.000)								
_IstaXyearb5	0.000								
	(0.000)								
o._IstaXyearb6	-								
									
_IstaXyearb8	-0.000								
	(0.000)								
_IstaXyearb9	-0.000								
	(0.000)								
_IstaXyearb10	0.000								
	(0.000)								
o._IstaXyearb11	-								
									
_IstaXyearb12	-0.000								
	(0.000)								
_IstaXyearb13	-0.000								
	(0.000)								
_IstaXyearb16	0.000								
	(0.000)								
_IstaXyearb17	-0.000								
	(0.000)								
_IstaXyearb18	-0.000								
	(0.000)								
_IstaXyearb19	-0.000								
	(0.000)								
_IstaXyearb20	-0.000								
	(0.000)								
_IstaXyearb21	-0.000								
	(0.000)								
_IstaXyearb22	-0.000								
	(0.000)								
_IstaXyearb23	-0.000								
	(0.000)								
_IstaXyearb24	0.000								
	(0.000)								
_IstaXyearb25	-0.000								
	(0.000)								
_IstaXyearb26	0.000								
	(0.000)								
_IstaXyearb27	0.000								
	(0.000)								
_IstaXyearb28	-0.000								
	(0.000)								
_IstaXyearb29	-0.000								
	(0.000)								
_IstaXyearb30	-0.000								
	(0.000)								
_IstaXyearb32	-0.000								
	(0.000)								
_IstaXyearb33	0.000								
	(0.000)								
_IstaXyearb34	-0.000								
	(0.000)								
_IstaXyearb35	0.000								
	(0.000)								
_IstaXyearb36	-0.000								
	(0.000)								
_IstaXyearb37	0.000								
	(0.000)								
_IstaXyearb38	0.000								
	(0.000)								
_IstaXyearb39	-0.000								
	(0.000)								
_IstaXyearb40	-0.000								
	(0.000)								
_IstaXyearb41	-0.000								
	(0.000)								
_IstaXyearb42	0.000								
	(0.000)								
_IstaXyearb44	0.000								
	(0.000)								
_IstaXyearb45	0.000								
	(0.000)								
_IstaXyearb46	-0.000								
	(0.000)								
_IstaXyearb47	0.000								
	(0.000)								
_IstaXyearb48	0.000								
	(0.000)								
_IstaXyearb49	0.000								
	(0.000)								
_IstaXyearb50	-0.000								
	(0.000)								
_IstaXyearb51	-0.000								
	(0.000)								
_IstaXyearb53	0.000								
	(0.000)								
_IstaXyearb54	-0.000								
	(0.000)								
_IstaXyearb55	-0.000								
	(0.000)								
_IstaXyearb56	-0.000								
	(0.000)								
_Istate_4		-0.222	0.981	7.011	13.795	6.226	0.408	80.134	17.282
		(0.122)	(53.082)	(51.616)	(52.321)	(52.642)	(123.777)	(56.387)	(53.720)
_Istate_5		-0.458	-2.874	-0.696	-0.080	-12.357	60.221	-15.690	-10.842
		(0.249)	(34.461)	(31.847)	(32.171)	(34.074)	(84.797)	(37.866)	(38.267)
_Istate_8		0.174	68.972	67.141	70.447	65.525	27.635	69.212	64.143
		(0.457)	(38.262)	(38.571)	(38.026)	(37.550)	(70.602)	(32.592)	(38.833)
_Istate_9		-0.283	40.528	65.049	62.629	61.417		21.829	65.267
		(0.200)	(36.596)	(29.422)	(28.916)	(29.926)		(30.810)	(33.869)
_Istate_10		-0.541	-27.669	-3.865	-8.071	-15.831	-12.327	-37.823	-0.359
		(0.441)	(41.816)	(38.147)	(36.720)	(37.041)	(39.812)	(40.202)	(39.369)
_Istate_12		0.894	2.141	0.666	17.385	4.380	153.834	213.913	28.256
		(1.214)	(121.505)	(118.413)	(120.528)	(119.816)	(262.331)	(127.092)	(115.288)
_Istate_13		0.408	16.263	-0.179	12.773	5.344	63.571	75.789	25.012
		(0.297)	(61.915)	(61.649)	(62.981)	(61.314)	(113.575)	(63.288)	(60.608)
_Istate_16		-0.612	-24.650	4.360	11.226	-10.321	-199.629	-27.170	-9.969
		(0.403)	(33.903)	(29.925)	(28.954)	(28.508)	(96.172)	(31.689)	(28.909)
_Istate_17		0.709	25.053	35.915	37.599	32.156		84.898	32.597
		(0.723)	(42.483)	(40.341)	(40.167)	(40.405)		(43.378)	(40.729)
_Istate_18		0.025	-12.674	15.704	15.819	8.614	14.246	11.372	16.748
		(0.161)	(37.352)	(31.000)	(30.608)	(30.074)	(31.580)	(31.795)	(34.030)
_Istate_19		-0.383	13.690	33.151	30.975	25.787		12.053	32.330
		(0.251)	(31.069)	(28.337)	(27.413)	(27.327)		(29.397)	(30.328)
_Istate_20		-0.438	19.513	35.567	31.848	24.128	17.116	12.758	27.773
		(0.202)	(31.998)	(31.142)	(30.361)	(29.314)	(35.590)	(31.068)	(33.873)
_Istate_21		-0.144	28.212	32.321	30.251	-56.213	20.268	21.562	28.366
		(0.114)	(33.603)	(32.478)	(31.347)	(44.753)	(33.800)	(35.250)	(34.439)
_Istate_22		0.014	-2.428	8.197	5.339	3.983	-3.871	-22.641	20.682
		(0.217)	(37.652)	(33.902)	(33.116)	(33.128)	(39.987)	(35.757)	(35.701)
_Istate_23		-0.615	39.315	36.660	32.085	30.874	21.627	9.839	33.127
		(0.295)	(28.764)	(25.766)	(25.049)	(25.085)	(30.346)	(27.414)	(27.745)
_Istate_24		0.091	0.081	-7.778	-3.629	-1.930	15.538	23.551	17.986
		(0.241)	(45.207)	(43.827)	(44.154)	(44.138)	(51.395)	(46.773)	(51.218)
_Istate_25		-0.100	1.764	7.159	7.269	2.325	1,146.069	19.498	8.612
		(0.306)	(29.113)	(26.585)	(25.942)	(27.048)	(222.861)	(31.919)	(30.713)
_Istate_26		-0.199	-64.043	-62.958	-60.582	-67.744	-85.003	-10.379	-61.599
		(0.480)	(34.476)	(33.430)	(32.822)	(33.042)	(56.297)	(32.498)	(33.489)
_Istate_27		-0.187	-0.968	2.524	3.803	-3.229		12.448	12.411
		(0.138)	(33.305)	(32.114)	(31.996)	(31.860)		(34.360)	(34.074)
_Istate_28		-0.331	9.911	19.230	18.140	47.063	-1.223	0.220	19.276
		(0.200)	(31.268)	(31.147)	(30.762)	(33.434)	(33.384)	(31.614)	(32.893)
_Istate_29		-0.123	32.668	25.115	25.232	21.105	22.745	34.260	29.285
		(0.258)	(31.980)	(28.997)	(28.612)	(28.788)	(30.236)	(30.415)	(31.187)
_Istate_30		-0.552	-8.168	7.625	6.008	2.685	-67.384	-27.609	3.187
		(0.359)	(30.437)	(25.911)	(25.000)	(25.077)	(49.054)	(27.766)	(26.875)
_Istate_32		-0.357	4.230	15.253	14.102	7.848	42.330	34.394	17.305
		(0.519)	(40.284)	(38.742)	(37.309)	(38.038)	(50.503)	(38.952)	(41.772)
_Istate_33		-0.504	1.298	-0.162	-2.305	-10.126		-25.954	-11.125
		(0.373)	(32.849)	(33.054)	(31.827)	(30.810)		(33.234)	(31.290)
_Istate_34		0.209	-6.250	10.284	10.067	-0.183	6.827	25.706	0.362
		(0.387)	(41.237)	(37.929)	(37.035)	(38.863)	(43.543)	(36.724)	(40.488)
_Istate_35		-0.419	-22.191	7.942	4.596	-4.143	4.567	-22.295	2.314
		(0.460)	(35.625)	(31.339)	(29.479)	(44.099)	(29.505)	(32.255)	(35.436)
_Istate_36		0.629	46.101	67.953	69.127	57.047		74.059	68.305
		(1.329)	(42.683)	(40.381)	(40.167)	(40.465)		(34.802)	(41.029)
_Istate_37		0.220	-42.154	-38.817	-58.659	-42.279	8.882	24.890	-44.080
		(0.227)	(46.314)	(43.375)	(59.703)	(43.541)	(88.028)	(46.514)	(44.013)
_Istate_38		-0.691	-39.398	-13.101	-17.033	-34.520		-75.901	-34.008
		(0.339)	(41.372)	(37.918)	(37.276)	(37.654)		(41.015)	(40.164)
_Istate_39		0.733	24.046	37.728	35.772	28.974	26.627	45.230	35.792
		(0.668)	(32.450)	(28.879)	(27.243)	(26.935)	(27.278)	(30.256)	(28.631)
_Istate_40		-0.232	25.470	30.807	31.710	22.298	15.406	11.107	30.392
		(0.173)	(36.699)	(34.734)	(34.742)	(35.451)	(35.696)	(36.490)	(39.846)
_Istate_41		-0.438	31.911	34.745	34.650	29.081	36.119	45.597	32.031
		(0.177)	(30.469)	(27.462)	(26.614)	(27.059)	(29.531)	(29.155)	(28.474)
_Istate_42		0.398	-30.161	-5.222	-6.136	-17.126	-22.359	2.706	-13.154
		(0.903)	(33.892)	(30.209)	(30.052)	(29.124)	(30.321)	(27.320)	(30.034)
_Istate_44		-0.578	-20.473	-12.389	-14.254	-10.435	-291.884	-31.391	6.344
		(0.350)	(45.297)	(45.591)	(45.186)	(46.187)	(107.837)	(49.981)	(47.697)
_Istate_45		-0.151	-4.183	3.839	4.943	-1.200	12.608	1.460	-8.577
		(0.265)	(35.972)	(34.676)	(34.187)	(34.421)	(39.605)	(37.334)	(35.740)
_Istate_46		-0.697	5.001	25.433	22.186	13.568	3.250	-7.263	19.765
		(0.334)	(37.754)	(33.971)	(32.666)	(32.720)	(38.235)	(34.259)	(35.516)
_Istate_47		-0.014	-16.131	-13.775	-11.952	-20.034	-1.707	-3.362	-12.862
		(0.115)	(37.399)	(36.422)	(36.656)	(35.842)	(41.702)	(38.763)	(36.986)
_Istate_48		1.965	-37.237	-30.539	-10.956	-45.024		187.768	-25.027
		(1.230)	(120.263)	(119.305)	(121.700)	(120.051)		(125.522)	(115.039)
_Istate_49		-0.429	-39.155	-18.092	-19.010	-35.308	-122.191	-36.119	-36.417
		(0.635)	(35.365)	(34.709)	(33.425)	(31.703)	(103.367)	(33.170)	(32.108)
_Istate_50		-0.624	35.046	55.896	53.112	43.572		14.219	43.780
		(0.404)	(47.242)	(30.056)	(28.521)	(27.477)		(29.764)	(29.145)
_Istate_51		0.217	6.721	20.016	21.990		46.923	67.909	14.802
		(0.233)	(39.308)	(37.148)	(37.008)		(61.730)	(38.784)	(36.955)
_Istate_53		-0.105	-17.535	-11.573	-8.396	-18.450	243.390	27.176	-13.323
		(0.174)	(43.654)	(39.550)	(39.847)	(39.937)	(87.029)	(43.610)	(40.292)
_Istate_54		-0.258	26.862	50.294	45.678	39.582	26.049	-13.080	39.649
		(0.362)	(44.355)	(40.906)	(39.694)	(41.712)	(52.625)	(41.490)	(43.350)
_Istate_55		0.211	61.981	73.811	73.615	65.009		107.283	75.497
		(0.327)	(44.803)	(42.423)	(42.306)	(43.171)		(57.475)	(42.429)
_Istate_56		-0.395	-5.046	38.275	35.715	26.076	104.160	-11.943	24.286
		(0.679)	(49.643)	(39.432)	(38.693)	(40.607)	(132.336)	(44.059)	(40.116)
o._Idecade_2		-							
									
o._Idecade_3		-							
									
_IstaXdec_4_2		0.087							
		(0.198)							
_IstaXdec_4_3		0.192							
		(0.397)							
_IstaXdec_5_2		0.587							
		(0.309)							
_IstaXdec_5_3		0.307							
		(0.319)							
_IstaXdec_6_2		0.633							
		(0.525)							
_IstaXdec_6_3		-0.033							
		(0.885)							
_IstaXdec_8_2		-0.245							
		(0.277)							
_IstaXdec_8_3		-0.342							
		(0.282)							
_IstaXdec_9_2		-0.146							
		(0.249)							
_IstaXdec_9_3		-0.327							
		(0.254)							
_IstaXdec_10_2		0.009							
		(0.156)							
_IstaXdec_10_3		0.145							
		(0.295)							
o._IstaXdec_11_2		-							
									
o._IstaXdec_11_3		-							
									
_IstaXdec_12_2		0.493							
		(0.339)							
_IstaXdec_12_3		0.643							
		(0.616)							
_IstaXdec_13_2		0.713							
		(0.274)							
_IstaXdec_13_3		0.274							
		(0.362)							
_IstaXdec_16_2		0.261							
		(0.273)							
_IstaXdec_16_3		0.261							
		(0.268)							
_IstaXdec_17_2		1.113							
		(0.424)							
_IstaXdec_17_3		0.055							
		(0.329)							
_IstaXdec_18_2		0.332							
		(0.126)							
_IstaXdec_18_3		0.075							
		(0.302)							
_IstaXdec_19_2		0.029							
		(0.173)							
_IstaXdec_19_3		-0.058							
		(0.269)							
_IstaXdec_20_2		0.257							
		(0.270)							
_IstaXdec_20_3		-0.074							
		(0.281)							
_IstaXdec_21_2		-0.254							
		(0.212)							
_IstaXdec_21_3		0.105							
		(0.304)							
_IstaXdec_22_2		0.224							
		(0.355)							
_IstaXdec_22_3		-0.128							
		(0.300)							
_IstaXdec_23_2		-0.004							
		(0.147)							
_IstaXdec_23_3		-0.157							
		(0.209)							
_IstaXdec_24_2		0.462							
		(0.336)							
_IstaXdec_24_3		-0.055							
		(0.445)							
_IstaXdec_25_2		0.241							
		(0.151)							
_IstaXdec_25_3		0.164							
		(0.260)							
_IstaXdec_26_2		0.598							
		(0.211)							
_IstaXdec_26_3		0.723							
		(0.335)							
_IstaXdec_27_2		0.526							
		(0.267)							
_IstaXdec_27_3		0.120							
		(0.336)							
_IstaXdec_28_2		0.598							
		(0.214)							
_IstaXdec_28_3		-0.113							
		(0.276)							
_IstaXdec_29_2		0.370							
		(0.274)							
_IstaXdec_29_3		0.101							
		(0.274)							
_IstaXdec_30_2		0.184							
		(0.315)							
_IstaXdec_30_3		-0.111							
		(0.251)							
_IstaXdec_32_2		-0.057							
		(0.363)							
_IstaXdec_32_3		0.206							
		(0.308)							
_IstaXdec_33_2		0.299							
		(0.188)							
_IstaXdec_33_3		0.234							
		(0.271)							
_IstaXdec_34_2		0.534							
		(0.508)							
_IstaXdec_34_3		0.129							
		(0.390)							
_IstaXdec_35_2		0.362							
		(0.186)							
_IstaXdec_35_3		0.057							
		(0.279)							
_IstaXdec_36_2		-0.049							
		(0.290)							
_IstaXdec_36_3		-0.335							
		(0.322)							
_IstaXdec_37_2		0.192							
		(0.159)							
_IstaXdec_37_3		0.789							
		(0.276)							
_IstaXdec_38_2		0.302							
		(0.194)							
_IstaXdec_38_3		0.308							
		(0.337)							
_IstaXdec_39_2		0.103							
		(0.161)							
_IstaXdec_39_3		-0.131							
		(0.244)							
_IstaXdec_40_2		0.384							
		(0.299)							
_IstaXdec_40_3		0.064							
		(0.344)							
_IstaXdec_41_2		0.399							
		(0.289)							
_IstaXdec_41_3		0.009							
		(0.241)							
_IstaXdec_42_2		0.619							
		(0.322)							
_IstaXdec_42_3		0.162							
		(0.254)							
_IstaXdec_44_2		-0.154							
		(0.158)							
_IstaXdec_44_3		0.071							
		(0.487)							
_IstaXdec_45_2		0.593							
		(0.338)							
_IstaXdec_45_3		0.071							
		(0.316)							
_IstaXdec_46_2		0.335							
		(0.443)							
_IstaXdec_46_3		-0.019							
		(0.254)							
_IstaXdec_47_2		0.255							
		(0.256)							
_IstaXdec_47_3		0.349							
		(0.324)							
_IstaXdec_48_2		0.555							
		(0.294)							
_IstaXdec_48_3		1.201							
		(0.661)							
_IstaXdec_49_2		0.638							
		(0.169)							
_IstaXdec_49_3		0.384							
		(0.307)							
_IstaXdec_50_2		0.043							
		(0.243)							
_IstaXdec_50_3		-0.318							
		(0.225)							
_IstaXdec_51_2		0.705							
		(0.157)							
_IstaXdec_51_3		0.112							
		(0.249)							
_IstaXdec_53_2		0.113							
		(0.208)							
_IstaXdec_53_3		0.416							
		(0.303)							
_IstaXdec_54_2		-0.242							
		(0.335)							
_IstaXdec_54_3		-0.235							
		(0.348)							
_IstaXdec_55_2		0.515							
		(0.375)							
_IstaXdec_55_3		-0.518							
		(0.366)							
_IstaXdec_56_2		0.365							
		(0.468)							
_IstaXdec_56_3		-0.252							
		(0.381)							
govparty_changes_last8years			-0.034						
			(0.034)						
hvd_4yr			0.009						
			(0.006)						
test				-0.000					
				(0.005)					
int_lameduck_test				0.009					
				(0.010)					
test1					-0.013				
					(0.054)				
int_lameduck_test1					0.091				
					(0.104)				
o._IstaXyear_51						-			
									
o._IstaXyear_9							-		
									
o._IstaXyear_17							-		
									
o._IstaXyear_19							-		
									
o._IstaXyear_27							-		
									
o._IstaXyear_33							-		
									
o._IstaXyear_36							-		
									
o._IstaXyear_38							-		
									
o._IstaXyear_48							-		
									
o._IstaXyear_50							-		
									
o._IstaXyear_55							-		
									
perc_l2afdctanf_exp_r_1mio								0.156	
								(0.075)	
pop_black									0.055
									(0.064)
perc_imm									-0.016
									(0.018)
unmarried_birth									0.007
									(0.018)
p90p10_hhinc									-0.010
									(0.023)
Constant	-0.111	-0.427	-0.282	-0.305	-0.407	-0.261	-2.618	-1.818	-1.559
	(1.640)	(1.853)	(1.667)	(1.547)	(1.547)	(1.638)	(2.936)	(1.613)	(2.337)
									
Observations	1,286	1,286	1,277	1,312	1,306	1,229	846	1,236	1,286
R-squared	0.302	0.333	0.303	0.297	0.299	0.300	0.378	0.299	0.303
Year FE	YES	YES	YES	YES	YES	YES	YES	YES	YES
State FE	YES	YES	YES	YES	YES	YES	YES	YES	YES
Robust standard errors in parentheses									
