	(1)	(2)	(3)	(4)	(5)	(6)	(7)	(8)	(9)	(10)	(11)	(12)	(13)	(14)	(15)	(16)	(17)	(18)	(19)	(20)	(21)	(22)	(23)	(24)	(25)	(26)	(27)	(28)	(29)	(30)	(31)	(32)	(33)	(34)	(35)	(36)	(37)	(38)	(39)	(40)	(41)	(42)	(43)	(44)	(45)	(46)	(47)	(48)	(49)	(50)	(51)	(52)	(53)	(54)	(55)	(56)	(57)	(58)	(59)	(60)	(61)	(62)	(63)	(64)	(65)	(66)	(67)	(68)	(69)	(70)	(71)	(72)	(73)	(74)	(75)	(76)	(77)	(78)	(79)	(80)	(81)	(82)	(83)	(84)
VARIABLES	total_adj	total_adj	ln_total_adj	ln_total_adj	total_fte_adj	total_fte_adj	ln_total_fte_adj	ln_total_fte_adj	total_mil_adj	total_mil_adj	ln_total_mil_adj	ln_total_mil_adj	total_adj	total_adj	ln_total_adj	ln_total_adj	total_fte_adj	total_fte_adj	ln_total_fte_adj	ln_total_fte_adj	total_mil_adj	total_mil_adj	ln_total_mil_adj	ln_total_mil_adj	total_adj	total_adj	ln_total_adj	ln_total_adj	total_fte_adj	total_fte_adj	ln_total_fte_adj	ln_total_fte_adj	total_mil_adj	total_mil_adj	ln_total_mil_adj	ln_total_mil_adj	total_adj	total_adj	ln_total_adj	ln_total_adj	total_fte_adj	total_fte_adj	ln_total_fte_adj	ln_total_fte_adj	total_mil_adj	total_mil_adj	ln_total_mil_adj	ln_total_mil_adj	total_adj	total_adj	ln_total_adj	ln_total_adj	total_fte_adj	total_fte_adj	ln_total_fte_adj	ln_total_fte_adj	total_mil_adj	total_mil_adj	ln_total_mil_adj	ln_total_mil_adj	total_adj	total_adj	ln_total_adj	ln_total_adj	total_fte_adj	total_fte_adj	ln_total_fte_adj	ln_total_fte_adj	total_mil_adj	total_mil_adj	ln_total_mil_adj	ln_total_mil_adj	total_adj	total_adj	ln_total_adj	ln_total_adj	total_fte_adj	total_fte_adj	ln_total_fte_adj	ln_total_fte_adj	total_mil_adj	total_mil_adj	ln_total_mil_adj	ln_total_mil_adj
																																																																																				
local_pct	-126,506.063	20,799.017	0.002	0.005	97.746*	71.476	0.007*	0.005	-0.127	0.021	0.002	0.005	-126,506.063	20,799.017	0.002	0.005	97.746*	71.476	0.007*	0.005	-0.127	0.021	0.002	0.005	-126,506.063	20,799.017	0.002	0.005	97.746*	71.476	0.007*	0.005	-0.127	0.021	0.002	0.005	-126,506.063	20,799.017	0.002	0.005	97.746*	71.476	0.007*	0.005	-0.127	0.021	0.002	0.005	-126,506.063	20,799.017	0.002	0.005	97.746*	71.476	0.007*	0.005	-0.127	0.021	0.002	0.005	-126,506.063	20,799.017	0.002	0.005	97.746*	71.476	0.007*	0.005	-0.127	0.021	0.002	0.005	-126,506.063	20,799.017	0.002	0.005	97.746*	71.476	0.007*	0.005	-0.127	0.021	0.002	0.005
	(374,408.534)	(339,739.002)	(0.004)	(0.003)	(41.101)	(45.573)	(0.003)	(0.003)	(0.374)	(0.340)	(0.004)	(0.003)	(374,408.534)	(339,739.002)	(0.004)	(0.003)	(41.101)	(45.573)	(0.003)	(0.003)	(0.374)	(0.340)	(0.004)	(0.003)	(374,408.534)	(339,739.002)	(0.004)	(0.003)	(41.101)	(45.573)	(0.003)	(0.003)	(0.374)	(0.340)	(0.004)	(0.003)	(374,408.534)	(339,739.002)	(0.004)	(0.003)	(41.101)	(45.573)	(0.003)	(0.003)	(0.374)	(0.340)	(0.004)	(0.003)	(374,408.534)	(339,739.002)	(0.004)	(0.003)	(41.101)	(45.573)	(0.003)	(0.003)	(0.374)	(0.340)	(0.004)	(0.003)	(374,408.534)	(339,739.002)	(0.004)	(0.003)	(41.101)	(45.573)	(0.003)	(0.003)	(0.374)	(0.340)	(0.004)	(0.003)	(374,408.534)	(339,739.002)	(0.004)	(0.003)	(41.101)	(45.573)	(0.003)	(0.003)	(0.374)	(0.340)	(0.004)	(0.003)
ln_tuition2		-782,906.628		0.014		-122.556		0.014		-0.783		0.014		-782,906.628		0.014		-122.556		0.014		-0.783		0.014		-782,906.628		0.014		-122.556		0.014		-0.783		0.014		-782,906.628		0.014		-122.556		0.014		-0.783		0.014		-782,906.628		0.014		-122.556		0.014		-0.783		0.014		-782,906.628		0.014		-122.556		0.014		-0.783		0.014		-782,906.628		0.014		-122.556		0.014		-0.783		0.014
		(4235753.503)		(0.063)		(770.651)		(0.063)		(4.236)		(0.063)		(4235753.503)		(0.063)		(770.651)		(0.063)		(4.236)		(0.063)		(4235753.503)		(0.063)		(770.651)		(0.063)		(4.236)		(0.063)		(4235753.503)		(0.063)		(770.651)		(0.063)		(4.236)		(0.063)		(4235753.503)		(0.063)		(770.651)		(0.063)		(4.236)		(0.063)		(4235753.503)		(0.063)		(770.651)		(0.063)		(4.236)		(0.063)		(4235753.503)		(0.063)		(770.651)		(0.063)		(4.236)		(0.063)
ln_fteug		31890147.254***		0.616***		-5,928.388***		-0.384***		31.890***		0.616***		31890147.254***		0.616***		-5,928.388***		-0.384***		31.890***		0.616***		31890147.254***		0.616***		-5,928.388***		-0.384***		31.890***		0.616***		31890147.254***		0.616***		-5,928.388***		-0.384***		31.890***		0.616***		31890147.254***		0.616***		-5,928.388***		-0.384***		31.890***		0.616***		31890147.254***		0.616***		-5,928.388***		-0.384***		31.890***		0.616***		31890147.254***		0.616***		-5,928.388***		-0.384***		31.890***		0.616***
		(5152583.899)		(0.050)		(966.141)		(0.050)		(5.153)		(0.050)		(5152583.899)		(0.050)		(966.141)		(0.050)		(5.153)		(0.050)		(5152583.899)		(0.050)		(966.141)		(0.050)		(5.153)		(0.050)		(5152583.899)		(0.050)		(966.141)		(0.050)		(5.153)		(0.050)		(5152583.899)		(0.050)		(966.141)		(0.050)		(5.153)		(0.050)		(5152583.899)		(0.050)		(966.141)		(0.050)		(5.153)		(0.050)		(5152583.899)		(0.050)		(966.141)		(0.050)		(5.153)		(0.050)
ln_instruct_fte		14656568.208***		0.313***		4,609.917***		0.313***		14.657***		0.313***		14656568.208***		0.313***		4,609.917***		0.313***		14.657***		0.313***		14656568.208***		0.313***		4,609.917***		0.313***		14.657***		0.313***		14656568.208***		0.313***		4,609.917***		0.313***		14.657***		0.313***		14656568.208***		0.313***		4,609.917***		0.313***		14.657***		0.313***		14656568.208***		0.313***		4,609.917***		0.313***		14.657***		0.313***		14656568.208***		0.313***		4,609.917***		0.313***		14.657***		0.313***
		(3202866.742)		(0.062)		(1,005.056)		(0.062)		(3.203)		(0.062)		(3202866.742)		(0.062)		(1,005.056)		(0.062)		(3.203)		(0.062)		(3202866.742)		(0.062)		(1,005.056)		(0.062)		(3.203)		(0.062)		(3202866.742)		(0.062)		(1,005.056)		(0.062)		(3.203)		(0.062)		(3202866.742)		(0.062)		(1,005.056)		(0.062)		(3.203)		(0.062)		(3202866.742)		(0.062)		(1,005.056)		(0.062)		(3.203)		(0.062)		(3202866.742)		(0.062)		(1,005.056)		(0.062)		(3.203)		(0.062)
ln_stinccap		35783632.552		0.212		7,535.516		0.212		35.784		0.212		35783632.552		0.212		7,535.516		0.212		35.784		0.212		35783632.552		0.212		7,535.516		0.212		35.784		0.212		35783632.552		0.212		7,535.516		0.212		35.784		0.212		35783632.552		0.212		7,535.516		0.212		35.784		0.212		35783632.552		0.212		7,535.516		0.212		35.784		0.212		35783632.552		0.212		7,535.516		0.212		35.784		0.212
		(18031907.434)		(0.312)		(6,001.445)		(0.312)		(18.032)		(0.312)		(18031907.434)		(0.312)		(6,001.445)		(0.312)		(18.032)		(0.312)		(18031907.434)		(0.312)		(6,001.445)		(0.312)		(18.032)		(0.312)		(18031907.434)		(0.312)		(6,001.445)		(0.312)		(18.032)		(0.312)		(18031907.434)		(0.312)		(6,001.445)		(0.312)		(18.032)		(0.312)		(18031907.434)		(0.312)		(6,001.445)		(0.312)		(18.032)		(0.312)		(18031907.434)		(0.312)		(6,001.445)		(0.312)		(18.032)		(0.312)
stunemprate		902,828.112		0.010		229.789		0.010		0.903		0.010		902,828.112		0.010		229.789		0.010		0.903		0.010		902,828.112		0.010		229.789		0.010		0.903		0.010		902,828.112		0.010		229.789		0.010		0.903		0.010		902,828.112		0.010		229.789		0.010		0.903		0.010		902,828.112		0.010		229.789		0.010		0.903		0.010		902,828.112		0.010		229.789		0.010		0.903		0.010
		(928,455.825)		(0.009)		(173.635)		(0.009)		(0.928)		(0.009)		(928,455.825)		(0.009)		(173.635)		(0.009)		(0.928)		(0.009)		(928,455.825)		(0.009)		(173.635)		(0.009)		(0.928)		(0.009)		(928,455.825)		(0.009)		(173.635)		(0.009)		(0.928)		(0.009)		(928,455.825)		(0.009)		(173.635)		(0.009)		(0.928)		(0.009)		(928,455.825)		(0.009)		(173.635)		(0.009)		(0.928)		(0.009)		(928,455.825)		(0.009)		(173.635)		(0.009)		(0.928)		(0.009)
stbaabove_p		209,204.899		0.001		96.200		0.001		0.209		0.001		209,204.899		0.001		96.200		0.001		0.209		0.001		209,204.899		0.001		96.200		0.001		0.209		0.001		209,204.899		0.001		96.200		0.001		0.209		0.001		209,204.899		0.001		96.200		0.001		0.209		0.001		209,204.899		0.001		96.200		0.001		0.209		0.001		209,204.899		0.001		96.200		0.001		0.209		0.001
		(523,187.198)		(0.005)		(99.427)		(0.005)		(0.523)		(0.005)		(523,187.198)		(0.005)		(99.427)		(0.005)		(0.523)		(0.005)		(523,187.198)		(0.005)		(99.427)		(0.005)		(0.523)		(0.005)		(523,187.198)		(0.005)		(99.427)		(0.005)		(0.523)		(0.005)		(523,187.198)		(0.005)		(99.427)		(0.005)		(0.523)		(0.005)		(523,187.198)		(0.005)		(99.427)		(0.005)		(0.523)		(0.005)		(523,187.198)		(0.005)		(99.427)		(0.005)		(0.523)		(0.005)
ln_stcollage2		-9136536.345*		-0.117		-2,036.682*		-0.117		-9.137*		-0.117		-9136536.345*		-0.117		-2,036.682*		-0.117		-9.137*		-0.117		-9136536.345*		-0.117		-2,036.682*		-0.117		-9.137*		-0.117		-9136536.345*		-0.117		-2,036.682*		-0.117		-9.137*		-0.117		-9136536.345*		-0.117		-2,036.682*		-0.117		-9.137*		-0.117		-9136536.345*		-0.117		-2,036.682*		-0.117		-9.137*		-0.117		-9136536.345*		-0.117		-2,036.682*		-0.117		-9.137*		-0.117
		(3673724.531)		(0.063)		(957.383)		(0.063)		(3.674)		(0.063)		(3673724.531)		(0.063)		(957.383)		(0.063)		(3.674)		(0.063)		(3673724.531)		(0.063)		(957.383)		(0.063)		(3.674)		(0.063)		(3673724.531)		(0.063)		(957.383)		(0.063)		(3.674)		(0.063)		(3673724.531)		(0.063)		(957.383)		(0.063)		(3.674)		(0.063)		(3673724.531)		(0.063)		(957.383)		(0.063)		(3.674)		(0.063)		(3673724.531)		(0.063)		(957.383)		(0.063)		(3.674)		(0.063)
stcoll2_black_p		677,640.316*		0.008		159.625*		0.008		0.678*		0.008		677,640.316*		0.008		159.625*		0.008		0.678*		0.008		677,640.316*		0.008		159.625*		0.008		0.678*		0.008		677,640.316*		0.008		159.625*		0.008		0.678*		0.008		677,640.316*		0.008		159.625*		0.008		0.678*		0.008		677,640.316*		0.008		159.625*		0.008		0.678*		0.008		677,640.316*		0.008		159.625*		0.008		0.678*		0.008
		(277,046.848)		(0.004)		(63.878)		(0.004)		(0.277)		(0.004)		(277,046.848)		(0.004)		(63.878)		(0.004)		(0.277)		(0.004)		(277,046.848)		(0.004)		(63.878)		(0.004)		(0.277)		(0.004)		(277,046.848)		(0.004)		(63.878)		(0.004)		(0.277)		(0.004)		(277,046.848)		(0.004)		(63.878)		(0.004)		(0.277)		(0.004)		(277,046.848)		(0.004)		(63.878)		(0.004)		(0.277)		(0.004)		(277,046.848)		(0.004)		(63.878)		(0.004)		(0.277)		(0.004)
stcoll2_hisp_p		-55,061.021		-0.003*		-55.170*		-0.003*		-0.055		-0.003*		-55,061.021		-0.003*		-55.170*		-0.003*		-0.055		-0.003*		-55,061.021		-0.003*		-55.170*		-0.003*		-0.055		-0.003*		-55,061.021		-0.003*		-55.170*		-0.003*		-0.055		-0.003*		-55,061.021		-0.003*		-55.170*		-0.003*		-0.055		-0.003*		-55,061.021		-0.003*		-55.170*		-0.003*		-0.055		-0.003*		-55,061.021		-0.003*		-55.170*		-0.003*		-0.055		-0.003*
		(95,141.807)		(0.002)		(26.891)		(0.002)		(0.095)		(0.002)		(95,141.807)		(0.002)		(26.891)		(0.002)		(0.095)		(0.002)		(95,141.807)		(0.002)		(26.891)		(0.002)		(0.095)		(0.002)		(95,141.807)		(0.002)		(26.891)		(0.002)		(0.095)		(0.002)		(95,141.807)		(0.002)		(26.891)		(0.002)		(0.095)		(0.002)		(95,141.807)		(0.002)		(26.891)		(0.002)		(0.095)		(0.002)		(95,141.807)		(0.002)		(26.891)		(0.002)		(0.095)		(0.002)
stcoll2_amind_p		-26,194.285		0.000		-5.922		0.000		-0.026		0.000		-26,194.285		0.000		-5.922		0.000		-0.026		0.000		-26,194.285		0.000		-5.922		0.000		-0.026		0.000		-26,194.285		0.000		-5.922		0.000		-0.026		0.000		-26,194.285		0.000		-5.922		0.000		-0.026		0.000		-26,194.285		0.000		-5.922		0.000		-0.026		0.000		-26,194.285		0.000		-5.922		0.000		-0.026		0.000
		(39,455.614)		(0.000)		(6.798)		(0.000)		(0.039)		(0.000)		(39,455.614)		(0.000)		(6.798)		(0.000)		(0.039)		(0.000)		(39,455.614)		(0.000)		(6.798)		(0.000)		(0.039)		(0.000)		(39,455.614)		(0.000)		(6.798)		(0.000)		(0.039)		(0.000)		(39,455.614)		(0.000)		(6.798)		(0.000)		(0.039)		(0.000)		(39,455.614)		(0.000)		(6.798)		(0.000)		(0.039)		(0.000)		(39,455.614)		(0.000)		(6.798)		(0.000)		(0.039)		(0.000)
Constant	55648825.356***	-5.962e+08**	17.566***	8.971*	13,666.436***	-34,289.407	9.485***	8.971*	55.649***	-596.212**	3.751***	-4.845	55648825.356***	-5.962e+08**	17.566***	8.971*	13,666.436***	-34,289.407	9.485***	8.971*	55.649***	-596.212**	3.751***	-4.845	55648825.356***	-5.962e+08**	17.566***	8.971*	13,666.436***	-34,289.407	9.485***	8.971*	55.649***	-596.212**	3.751***	-4.845	55648825.356***	-5.962e+08**	17.566***	8.971*	13,666.436***	-34,289.407	9.485***	8.971*	55.649***	-596.212**	3.751***	-4.845	55648825.356***	-5.962e+08**	17.566***	8.971*	13,666.436***	-34,289.407	9.485***	8.971*	55.649***	-596.212**	3.751***	-4.845	55648825.356***	-5.962e+08**	17.566***	8.971*	13,666.436***	-34,289.407	9.485***	8.971*	55.649***	-596.212**	3.751***	-4.845	55648825.356***	-5.962e+08**	17.566***	8.971*	13,666.436***	-34,289.407	9.485***	8.971*	55.649***	-596.212**	3.751***	-4.845
	(3019514.202)	(2.223e+08)	(0.034)	(3.546)	(331.474)	(64,506.315)	(0.022)	(3.546)	(3.020)	(222.277)	(0.034)	(3.546)	(3019514.202)	(2.223e+08)	(0.034)	(3.546)	(331.474)	(64,506.315)	(0.022)	(3.546)	(3.020)	(222.277)	(0.034)	(3.546)	(3019514.202)	(2.223e+08)	(0.034)	(3.546)	(331.474)	(64,506.315)	(0.022)	(3.546)	(3.020)	(222.277)	(0.034)	(3.546)	(3019514.202)	(2.223e+08)	(0.034)	(3.546)	(331.474)	(64,506.315)	(0.022)	(3.546)	(3.020)	(222.277)	(0.034)	(3.546)	(3019514.202)	(2.223e+08)	(0.034)	(3.546)	(331.474)	(64,506.315)	(0.022)	(3.546)	(3.020)	(222.277)	(0.034)	(3.546)	(3019514.202)	(2.223e+08)	(0.034)	(3.546)	(331.474)	(64,506.315)	(0.022)	(3.546)	(3.020)	(222.277)	(0.034)	(3.546)	(3019514.202)	(2.223e+08)	(0.034)	(3.546)	(331.474)	(64,506.315)	(0.022)	(3.546)	(3.020)	(222.277)	(0.034)	(3.546)
																																																																																				
Observations	861	859	861	859	861	859	861	859	861	859	861	859	861	859	861	859	861	859	861	859	861	859	861	859	861	859	861	859	861	859	861	859	861	859	861	859	861	859	861	859	861	859	861	859	861	859	861	859	861	859	861	859	861	859	861	859	861	859	861	859	861	859	861	859	861	859	861	859	861	859	861	859	861	859	861	859	861	859	861	859	861	859	861	859
R-squared	0.961	0.970	0.960	0.973	0.690	0.818	0.723	0.852	0.961	0.970	0.960	0.973	0.961	0.970	0.960	0.973	0.690	0.818	0.723	0.852	0.961	0.970	0.960	0.973	0.961	0.970	0.960	0.973	0.690	0.818	0.723	0.852	0.961	0.970	0.960	0.973	0.961	0.970	0.960	0.973	0.690	0.818	0.723	0.852	0.961	0.970	0.960	0.973	0.961	0.970	0.960	0.973	0.690	0.818	0.723	0.852	0.961	0.970	0.960	0.973	0.961	0.970	0.960	0.973	0.690	0.818	0.723	0.852	0.961	0.970	0.960	0.973	0.961	0.970	0.960	0.973	0.690	0.818	0.723	0.852	0.961	0.970	0.960	0.973
Covariates	NO	YES	NO	YES	NO	YES	NO	YES	NO	YES	NO	YES	NO	YES	NO	YES	NO	YES	NO	YES	NO	YES	NO	YES	NO	YES	NO	YES	NO	YES	NO	YES	NO	YES	NO	YES	NO	YES	NO	YES	NO	YES	NO	YES	NO	YES	NO	YES	NO	YES	NO	YES	NO	YES	NO	YES	NO	YES	NO	YES	NO	YES	NO	YES	NO	YES	NO	YES	NO	YES	NO	YES	NO	YES	NO	YES	NO	YES	NO	YES	NO	YES	NO	YES
College FE	YES	YES	YES	YES	YES	YES	YES	YES	YES	YES	YES	YES	YES	YES	YES	YES	YES	YES	YES	YES	YES	YES	YES	YES	YES	YES	YES	YES	YES	YES	YES	YES	YES	YES	YES	YES	YES	YES	YES	YES	YES	YES	YES	YES	YES	YES	YES	YES	YES	YES	YES	YES	YES	YES	YES	YES	YES	YES	YES	YES	YES	YES	YES	YES	YES	YES	YES	YES	YES	YES	YES	YES	YES	YES	YES	YES	YES	YES	YES	YES	YES	YES	YES	YES
Year FE	YES	YES	YES	YES	YES	YES	YES	YES	YES	YES	YES	YES	YES	YES	YES	YES	YES	YES	YES	YES	YES	YES	YES	YES	YES	YES	YES	YES	YES	YES	YES	YES	YES	YES	YES	YES	YES	YES	YES	YES	YES	YES	YES	YES	YES	YES	YES	YES	YES	YES	YES	YES	YES	YES	YES	YES	YES	YES	YES	YES	YES	YES	YES	YES	YES	YES	YES	YES	YES	YES	YES	YES	YES	YES	YES	YES	YES	YES	YES	YES	YES	YES	YES	YES
Adjusted within R-squared	0.000680	0.211	0.000647	0.306	0.0126	0.413	0.0158	0.466	0.000680	0.211	0.000647	0.306	0.000680	0.211	0.000647	0.306	0.0126	0.413	0.0158	0.466	0.000680	0.211	0.000647	0.306	0.000680	0.211	0.000647	0.306	0.0126	0.413	0.0158	0.466	0.000680	0.211	0.000647	0.306	0.000680	0.211	0.000647	0.306	0.0126	0.413	0.0158	0.466	0.000680	0.211	0.000647	0.306	0.000680	0.211	0.000647	0.306	0.0126	0.413	0.0158	0.466	0.000680	0.211	0.000647	0.306	0.000680	0.211	0.000647	0.306	0.0126	0.413	0.0158	0.466	0.000680	0.211	0.000647	0.306	0.000680	0.211	0.000647	0.306	0.0126	0.413	0.0158	0.466	0.000680	0.211	0.000647	0.306
Robust standard errors in parentheses																																																																																				
*** p<0.001, ** p<0.01, * p<0.05																																																																																				
