	(1)	(2)	(3)	(4)	(5)	(6)	(7)	(8)	(9)	(10)	(11)	(12)	(13)	(14)	(15)	(16)	(17)	(18)	(19)	(20)	(21)	(22)	(23)	(24)	(25)	(26)	(27)	(28)	(29)	(30)	(31)	(32)	(33)	(34)	(35)	(36)	(37)	(38)	(39)	(40)	(41)	(42)	(43)	(44)	(45)	(46)	(47)	(48)	(49)	(50)	(51)	(52)	(53)	(54)	(55)	(56)	(57)	(58)	(59)	(60)	(61)	(62)	(63)	(64)	(65)	(66)	(67)	(68)	(69)	(70)	(71)	(72)	(73)	(74)	(75)	(76)	(77)	(78)	(79)	(80)	(81)	(82)	(83)	(84)
VARIABLES	total_adj	total_adj	ln_total_adj	ln_total_adj	total_fte_adj	total_fte_adj	ln_total_fte_adj	ln_total_fte_adj	total_mil_adj	total_mil_adj	ln_total_mil_adj	ln_total_mil_adj	total_adj	total_adj	ln_total_adj	ln_total_adj	total_fte_adj	total_fte_adj	ln_total_fte_adj	ln_total_fte_adj	total_mil_adj	total_mil_adj	ln_total_mil_adj	ln_total_mil_adj	total_adj	total_adj	ln_total_adj	ln_total_adj	total_fte_adj	total_fte_adj	ln_total_fte_adj	ln_total_fte_adj	total_mil_adj	total_mil_adj	ln_total_mil_adj	ln_total_mil_adj	total_adj	total_adj	ln_total_adj	ln_total_adj	total_fte_adj	total_fte_adj	ln_total_fte_adj	ln_total_fte_adj	total_mil_adj	total_mil_adj	ln_total_mil_adj	ln_total_mil_adj	total_adj	total_adj	ln_total_adj	ln_total_adj	total_fte_adj	total_fte_adj	ln_total_fte_adj	ln_total_fte_adj	total_mil_adj	total_mil_adj	ln_total_mil_adj	ln_total_mil_adj	total_adj	total_adj	ln_total_adj	ln_total_adj	total_fte_adj	total_fte_adj	ln_total_fte_adj	ln_total_fte_adj	total_mil_adj	total_mil_adj	ln_total_mil_adj	ln_total_mil_adj	total_adj	total_adj	ln_total_adj	ln_total_adj	total_fte_adj	total_fte_adj	ln_total_fte_adj	ln_total_fte_adj	total_mil_adj	total_mil_adj	ln_total_mil_adj	ln_total_mil_adj
																																																																																				
local_pct	-356,989.060*	-334,286.489*	-0.013	-0.011	125.335	-185.025	0.009	-0.011	-0.357*	-0.334*	-0.013	-0.011	-356,989.060*	-334,286.489*	-0.013	-0.011	125.335	-185.025	0.009	-0.011	-0.357*	-0.334*	-0.013	-0.011	-356,989.060*	-334,286.489*	-0.013	-0.011	125.335	-185.025	0.009	-0.011	-0.357*	-0.334*	-0.013	-0.011	-356,989.060*	-334,286.489*	-0.013	-0.011	125.335	-185.025	0.009	-0.011	-0.357*	-0.334*	-0.013	-0.011	-356,989.060*	-334,286.489*	-0.013	-0.011	125.335	-185.025	0.009	-0.011	-0.357*	-0.334*	-0.013	-0.011	-356,989.060*	-334,286.489*	-0.013	-0.011	125.335	-185.025	0.009	-0.011	-0.357*	-0.334*	-0.013	-0.011	-356,989.060*	-334,286.489*	-0.013	-0.011	125.335	-185.025	0.009	-0.011	-0.357*	-0.334*	-0.013	-0.011
	(133,659.930)	(154,839.678)	(0.008)	(0.008)	(163.729)	(135.305)	(0.012)	(0.008)	(0.134)	(0.155)	(0.008)	(0.008)	(133,659.930)	(154,839.678)	(0.008)	(0.008)	(163.729)	(135.305)	(0.012)	(0.008)	(0.134)	(0.155)	(0.008)	(0.008)	(133,659.930)	(154,839.678)	(0.008)	(0.008)	(163.729)	(135.305)	(0.012)	(0.008)	(0.134)	(0.155)	(0.008)	(0.008)	(133,659.930)	(154,839.678)	(0.008)	(0.008)	(163.729)	(135.305)	(0.012)	(0.008)	(0.134)	(0.155)	(0.008)	(0.008)	(133,659.930)	(154,839.678)	(0.008)	(0.008)	(163.729)	(135.305)	(0.012)	(0.008)	(0.134)	(0.155)	(0.008)	(0.008)	(133,659.930)	(154,839.678)	(0.008)	(0.008)	(163.729)	(135.305)	(0.012)	(0.008)	(0.134)	(0.155)	(0.008)	(0.008)	(133,659.930)	(154,839.678)	(0.008)	(0.008)	(163.729)	(135.305)	(0.012)	(0.008)	(0.134)	(0.155)	(0.008)	(0.008)
ln_tuition2		-690,312.428		-0.035		-719.901		-0.035		-0.690		-0.035		-690,312.428		-0.035		-719.901		-0.035		-0.690		-0.035		-690,312.428		-0.035		-719.901		-0.035		-0.690		-0.035		-690,312.428		-0.035		-719.901		-0.035		-0.690		-0.035		-690,312.428		-0.035		-719.901		-0.035		-0.690		-0.035		-690,312.428		-0.035		-719.901		-0.035		-0.690		-0.035		-690,312.428		-0.035		-719.901		-0.035		-0.690		-0.035
		(594,441.160)		(0.022)		(414.028)		(0.022)		(0.594)		(0.022)		(594,441.160)		(0.022)		(414.028)		(0.022)		(0.594)		(0.022)		(594,441.160)		(0.022)		(414.028)		(0.022)		(0.594)		(0.022)		(594,441.160)		(0.022)		(414.028)		(0.022)		(0.594)		(0.022)		(594,441.160)		(0.022)		(414.028)		(0.022)		(0.594)		(0.022)		(594,441.160)		(0.022)		(414.028)		(0.022)		(0.594)		(0.022)		(594,441.160)		(0.022)		(414.028)		(0.022)		(0.594)		(0.022)
ln_fteug		2890047.625		0.160		-13,278.923***		-0.840***		2.890		0.160		2890047.625		0.160		-13,278.923***		-0.840***		2.890		0.160		2890047.625		0.160		-13,278.923***		-0.840***		2.890		0.160		2890047.625		0.160		-13,278.923***		-0.840***		2.890		0.160		2890047.625		0.160		-13,278.923***		-0.840***		2.890		0.160		2890047.625		0.160		-13,278.923***		-0.840***		2.890		0.160		2890047.625		0.160		-13,278.923***		-0.840***		2.890		0.160
		(2890998.945)		(0.091)		(2,359.719)		(0.091)		(2.891)		(0.091)		(2890998.945)		(0.091)		(2,359.719)		(0.091)		(2.891)		(0.091)		(2890998.945)		(0.091)		(2,359.719)		(0.091)		(2.891)		(0.091)		(2890998.945)		(0.091)		(2,359.719)		(0.091)		(2.891)		(0.091)		(2890998.945)		(0.091)		(2,359.719)		(0.091)		(2.891)		(0.091)		(2890998.945)		(0.091)		(2,359.719)		(0.091)		(2.891)		(0.091)		(2890998.945)		(0.091)		(2,359.719)		(0.091)		(2.891)		(0.091)
ln_instruct_fte		1222641.208		0.058		1,701.598		0.058		1.223		0.058		1222641.208		0.058		1,701.598		0.058		1.223		0.058		1222641.208		0.058		1,701.598		0.058		1.223		0.058		1222641.208		0.058		1,701.598		0.058		1.223		0.058		1222641.208		0.058		1,701.598		0.058		1.223		0.058		1222641.208		0.058		1,701.598		0.058		1.223		0.058		1222641.208		0.058		1,701.598		0.058		1.223		0.058
		(2999499.022)		(0.086)		(1,554.086)		(0.086)		(2.999)		(0.086)		(2999499.022)		(0.086)		(1,554.086)		(0.086)		(2.999)		(0.086)		(2999499.022)		(0.086)		(1,554.086)		(0.086)		(2.999)		(0.086)		(2999499.022)		(0.086)		(1,554.086)		(0.086)		(2.999)		(0.086)		(2999499.022)		(0.086)		(1,554.086)		(0.086)		(2.999)		(0.086)		(2999499.022)		(0.086)		(1,554.086)		(0.086)		(2.999)		(0.086)		(2999499.022)		(0.086)		(1,554.086)		(0.086)		(2.999)		(0.086)
ln_stinccap		5723610.814		0.191		6,322.635		0.191		5.724		0.191		5723610.814		0.191		6,322.635		0.191		5.724		0.191		5723610.814		0.191		6,322.635		0.191		5.724		0.191		5723610.814		0.191		6,322.635		0.191		5.724		0.191		5723610.814		0.191		6,322.635		0.191		5.724		0.191		5723610.814		0.191		6,322.635		0.191		5.724		0.191		5723610.814		0.191		6,322.635		0.191		5.724		0.191
		(6540923.823)		(0.187)		(3,565.521)		(0.187)		(6.541)		(0.187)		(6540923.823)		(0.187)		(3,565.521)		(0.187)		(6.541)		(0.187)		(6540923.823)		(0.187)		(3,565.521)		(0.187)		(6.541)		(0.187)		(6540923.823)		(0.187)		(3,565.521)		(0.187)		(6.541)		(0.187)		(6540923.823)		(0.187)		(3,565.521)		(0.187)		(6.541)		(0.187)		(6540923.823)		(0.187)		(3,565.521)		(0.187)		(6.541)		(0.187)		(6540923.823)		(0.187)		(3,565.521)		(0.187)		(6.541)		(0.187)
stunemprate		958.981		0.012		375.124		0.012		0.001		0.012		958.981		0.012		375.124		0.012		0.001		0.012		958.981		0.012		375.124		0.012		0.001		0.012		958.981		0.012		375.124		0.012		0.001		0.012		958.981		0.012		375.124		0.012		0.001		0.012		958.981		0.012		375.124		0.012		0.001		0.012		958.981		0.012		375.124		0.012		0.001		0.012
		(595,960.539)		(0.017)		(315.863)		(0.017)		(0.596)		(0.017)		(595,960.539)		(0.017)		(315.863)		(0.017)		(0.596)		(0.017)		(595,960.539)		(0.017)		(315.863)		(0.017)		(0.596)		(0.017)		(595,960.539)		(0.017)		(315.863)		(0.017)		(0.596)		(0.017)		(595,960.539)		(0.017)		(315.863)		(0.017)		(0.596)		(0.017)		(595,960.539)		(0.017)		(315.863)		(0.017)		(0.596)		(0.017)		(595,960.539)		(0.017)		(315.863)		(0.017)		(0.596)		(0.017)
stbaabove_p		-91,488.097		-0.005		12.834		-0.005		-0.091		-0.005		-91,488.097		-0.005		12.834		-0.005		-0.091		-0.005		-91,488.097		-0.005		12.834		-0.005		-0.091		-0.005		-91,488.097		-0.005		12.834		-0.005		-0.091		-0.005		-91,488.097		-0.005		12.834		-0.005		-0.091		-0.005		-91,488.097		-0.005		12.834		-0.005		-0.091		-0.005		-91,488.097		-0.005		12.834		-0.005		-0.091		-0.005
		(249,407.772)		(0.008)		(165.114)		(0.008)		(0.249)		(0.008)		(249,407.772)		(0.008)		(165.114)		(0.008)		(0.249)		(0.008)		(249,407.772)		(0.008)		(165.114)		(0.008)		(0.249)		(0.008)		(249,407.772)		(0.008)		(165.114)		(0.008)		(0.249)		(0.008)		(249,407.772)		(0.008)		(165.114)		(0.008)		(0.249)		(0.008)		(249,407.772)		(0.008)		(165.114)		(0.008)		(0.249)		(0.008)		(249,407.772)		(0.008)		(165.114)		(0.008)		(0.249)		(0.008)
ln_stcollage2		820,254.341		0.034		1,788.340		0.034		0.820		0.034		820,254.341		0.034		1,788.340		0.034		0.820		0.034		820,254.341		0.034		1,788.340		0.034		0.820		0.034		820,254.341		0.034		1,788.340		0.034		0.820		0.034		820,254.341		0.034		1,788.340		0.034		0.820		0.034		820,254.341		0.034		1,788.340		0.034		0.820		0.034		820,254.341		0.034		1,788.340		0.034		0.820		0.034
		(3345620.882)		(0.133)		(2,270.275)		(0.133)		(3.346)		(0.133)		(3345620.882)		(0.133)		(2,270.275)		(0.133)		(3.346)		(0.133)		(3345620.882)		(0.133)		(2,270.275)		(0.133)		(3.346)		(0.133)		(3345620.882)		(0.133)		(2,270.275)		(0.133)		(3.346)		(0.133)		(3345620.882)		(0.133)		(2,270.275)		(0.133)		(3.346)		(0.133)		(3345620.882)		(0.133)		(2,270.275)		(0.133)		(3.346)		(0.133)		(3345620.882)		(0.133)		(2,270.275)		(0.133)		(3.346)		(0.133)
stcoll2_black_p		24,145.237		-0.002		-30.197		-0.002		0.024		-0.002		24,145.237		-0.002		-30.197		-0.002		0.024		-0.002		24,145.237		-0.002		-30.197		-0.002		0.024		-0.002		24,145.237		-0.002		-30.197		-0.002		0.024		-0.002		24,145.237		-0.002		-30.197		-0.002		0.024		-0.002		24,145.237		-0.002		-30.197		-0.002		0.024		-0.002		24,145.237		-0.002		-30.197		-0.002		0.024		-0.002
		(77,941.241)		(0.004)		(71.133)		(0.004)		(0.078)		(0.004)		(77,941.241)		(0.004)		(71.133)		(0.004)		(0.078)		(0.004)		(77,941.241)		(0.004)		(71.133)		(0.004)		(0.078)		(0.004)		(77,941.241)		(0.004)		(71.133)		(0.004)		(0.078)		(0.004)		(77,941.241)		(0.004)		(71.133)		(0.004)		(0.078)		(0.004)		(77,941.241)		(0.004)		(71.133)		(0.004)		(0.078)		(0.004)		(77,941.241)		(0.004)		(71.133)		(0.004)		(0.078)		(0.004)
stcoll2_hisp_p		-136,675.122		-0.008*		-187.854**		-0.008*		-0.137		-0.008*		-136,675.122		-0.008*		-187.854**		-0.008*		-0.137		-0.008*		-136,675.122		-0.008*		-187.854**		-0.008*		-0.137		-0.008*		-136,675.122		-0.008*		-187.854**		-0.008*		-0.137		-0.008*		-136,675.122		-0.008*		-187.854**		-0.008*		-0.137		-0.008*		-136,675.122		-0.008*		-187.854**		-0.008*		-0.137		-0.008*		-136,675.122		-0.008*		-187.854**		-0.008*		-0.137		-0.008*
		(71,920.856)		(0.003)		(60.253)		(0.003)		(0.072)		(0.003)		(71,920.856)		(0.003)		(60.253)		(0.003)		(0.072)		(0.003)		(71,920.856)		(0.003)		(60.253)		(0.003)		(0.072)		(0.003)		(71,920.856)		(0.003)		(60.253)		(0.003)		(0.072)		(0.003)		(71,920.856)		(0.003)		(60.253)		(0.003)		(0.072)		(0.003)		(71,920.856)		(0.003)		(60.253)		(0.003)		(0.072)		(0.003)		(71,920.856)		(0.003)		(60.253)		(0.003)		(0.072)		(0.003)
stcoll2_amind_p		14,354.049		0.001		20.968		0.001		0.014		0.001		14,354.049		0.001		20.968		0.001		0.014		0.001		14,354.049		0.001		20.968		0.001		0.014		0.001		14,354.049		0.001		20.968		0.001		0.014		0.001		14,354.049		0.001		20.968		0.001		0.014		0.001		14,354.049		0.001		20.968		0.001		0.014		0.001		14,354.049		0.001		20.968		0.001		0.014		0.001
		(93,823.333)		(0.003)		(67.719)		(0.003)		(0.094)		(0.003)		(93,823.333)		(0.003)		(67.719)		(0.003)		(0.094)		(0.003)		(93,823.333)		(0.003)		(67.719)		(0.003)		(0.094)		(0.003)		(93,823.333)		(0.003)		(67.719)		(0.003)		(0.094)		(0.003)		(93,823.333)		(0.003)		(67.719)		(0.003)		(0.094)		(0.003)		(93,823.333)		(0.003)		(67.719)		(0.003)		(0.094)		(0.003)		(93,823.333)		(0.003)		(67.719)		(0.003)		(0.094)		(0.003)
Constant	31879615.741***	-6.310e+07	17.144***	13.361***	15,461.542***	16,806.002	9.583***	13.361***	31.880***	-63.104	3.328***	-0.455	31879615.741***	-6.310e+07	17.144***	13.361***	15,461.542***	16,806.002	9.583***	13.361***	31.880***	-63.104	3.328***	-0.455	31879615.741***	-6.310e+07	17.144***	13.361***	15,461.542***	16,806.002	9.583***	13.361***	31.880***	-63.104	3.328***	-0.455	31879615.741***	-6.310e+07	17.144***	13.361***	15,461.542***	16,806.002	9.583***	13.361***	31.880***	-63.104	3.328***	-0.455	31879615.741***	-6.310e+07	17.144***	13.361***	15,461.542***	16,806.002	9.583***	13.361***	31.880***	-63.104	3.328***	-0.455	31879615.741***	-6.310e+07	17.144***	13.361***	15,461.542***	16,806.002	9.583***	13.361***	31.880***	-63.104	3.328***	-0.455	31879615.741***	-6.310e+07	17.144***	13.361***	15,461.542***	16,806.002	9.583***	13.361***	31.880***	-63.104	3.328***	-0.455
	(1193154.766)	(1.021e+08)	(0.068)	(3.011)	(1,461.575)	(56,404.325)	(0.111)	(3.011)	(1.193)	(102.113)	(0.068)	(3.011)	(1193154.766)	(1.021e+08)	(0.068)	(3.011)	(1,461.575)	(56,404.325)	(0.111)	(3.011)	(1.193)	(102.113)	(0.068)	(3.011)	(1193154.766)	(1.021e+08)	(0.068)	(3.011)	(1,461.575)	(56,404.325)	(0.111)	(3.011)	(1.193)	(102.113)	(0.068)	(3.011)	(1193154.766)	(1.021e+08)	(0.068)	(3.011)	(1,461.575)	(56,404.325)	(0.111)	(3.011)	(1.193)	(102.113)	(0.068)	(3.011)	(1193154.766)	(1.021e+08)	(0.068)	(3.011)	(1,461.575)	(56,404.325)	(0.111)	(3.011)	(1.193)	(102.113)	(0.068)	(3.011)	(1193154.766)	(1.021e+08)	(0.068)	(3.011)	(1,461.575)	(56,404.325)	(0.111)	(3.011)	(1.193)	(102.113)	(0.068)	(3.011)	(1193154.766)	(1.021e+08)	(0.068)	(3.011)	(1,461.575)	(56,404.325)	(0.111)	(3.011)	(1.193)	(102.113)	(0.068)	(3.011)
																																																																																				
Observations	300	298	300	298	300	298	300	298	300	298	300	298	300	298	300	298	300	298	300	298	300	298	300	298	300	298	300	298	300	298	300	298	300	298	300	298	300	298	300	298	300	298	300	298	300	298	300	298	300	298	300	298	300	298	300	298	300	298	300	298	300	298	300	298	300	298	300	298	300	298	300	298	300	298	300	298	300	298	300	298	300	298	300	298
R-squared	0.969	0.970	0.963	0.966	0.590	0.804	0.313	0.838	0.969	0.970	0.963	0.966	0.969	0.970	0.963	0.966	0.590	0.804	0.313	0.838	0.969	0.970	0.963	0.966	0.969	0.970	0.963	0.966	0.590	0.804	0.313	0.838	0.969	0.970	0.963	0.966	0.969	0.970	0.963	0.966	0.590	0.804	0.313	0.838	0.969	0.970	0.963	0.966	0.969	0.970	0.963	0.966	0.590	0.804	0.313	0.838	0.969	0.970	0.963	0.966	0.969	0.970	0.963	0.966	0.590	0.804	0.313	0.838	0.969	0.970	0.963	0.966	0.969	0.970	0.963	0.966	0.590	0.804	0.313	0.838	0.969	0.970	0.963	0.966
Covariates	NO	YES	NO	YES	NO	YES	NO	YES	NO	YES	NO	YES	NO	YES	NO	YES	NO	YES	NO	YES	NO	YES	NO	YES	NO	YES	NO	YES	NO	YES	NO	YES	NO	YES	NO	YES	NO	YES	NO	YES	NO	YES	NO	YES	NO	YES	NO	YES	NO	YES	NO	YES	NO	YES	NO	YES	NO	YES	NO	YES	NO	YES	NO	YES	NO	YES	NO	YES	NO	YES	NO	YES	NO	YES	NO	YES	NO	YES	NO	YES	NO	YES	NO	YES
College FE	YES	YES	YES	YES	YES	YES	YES	YES	YES	YES	YES	YES	YES	YES	YES	YES	YES	YES	YES	YES	YES	YES	YES	YES	YES	YES	YES	YES	YES	YES	YES	YES	YES	YES	YES	YES	YES	YES	YES	YES	YES	YES	YES	YES	YES	YES	YES	YES	YES	YES	YES	YES	YES	YES	YES	YES	YES	YES	YES	YES	YES	YES	YES	YES	YES	YES	YES	YES	YES	YES	YES	YES	YES	YES	YES	YES	YES	YES	YES	YES	YES	YES	YES	YES
Year FE	YES	YES	YES	YES	YES	YES	YES	YES	YES	YES	YES	YES	YES	YES	YES	YES	YES	YES	YES	YES	YES	YES	YES	YES	YES	YES	YES	YES	YES	YES	YES	YES	YES	YES	YES	YES	YES	YES	YES	YES	YES	YES	YES	YES	YES	YES	YES	YES	YES	YES	YES	YES	YES	YES	YES	YES	YES	YES	YES	YES	YES	YES	YES	YES	YES	YES	YES	YES	YES	YES	YES	YES	YES	YES	YES	YES	YES	YES	YES	YES	YES	YES	YES	YES
Adjusted within R-squared	0.0361	0.0332	0.0359	0.0641	0.000588	0.459	-0.00240	0.553	0.0361	0.0332	0.0359	0.0641	0.0361	0.0332	0.0359	0.0641	0.000588	0.459	-0.00240	0.553	0.0361	0.0332	0.0359	0.0641	0.0361	0.0332	0.0359	0.0641	0.000588	0.459	-0.00240	0.553	0.0361	0.0332	0.0359	0.0641	0.0361	0.0332	0.0359	0.0641	0.000588	0.459	-0.00240	0.553	0.0361	0.0332	0.0359	0.0641	0.0361	0.0332	0.0359	0.0641	0.000588	0.459	-0.00240	0.553	0.0361	0.0332	0.0359	0.0641	0.0361	0.0332	0.0359	0.0641	0.000588	0.459	-0.00240	0.553	0.0361	0.0332	0.0359	0.0641	0.0361	0.0332	0.0359	0.0641	0.000588	0.459	-0.00240	0.553	0.0361	0.0332	0.0359	0.0641
Robust standard errors in parentheses																																																																																				
*** p<0.001, ** p<0.01, * p<0.05																																																																																				
