	(1)	(2)	(3)	(4)	(5)	(6)	(7)	(8)	(9)	(10)	(11)	(12)	(13)	(14)	(15)	(16)	(17)	(18)	(19)	(20)	(21)	(22)	(23)	(24)	(25)	(26)	(27)	(28)	(29)	(30)	(31)	(32)	(33)	(34)	(35)	(36)	(37)	(38)	(39)	(40)	(41)	(42)	(43)	(44)	(45)	(46)	(47)	(48)	(49)	(50)	(51)	(52)	(53)	(54)	(55)	(56)	(57)	(58)	(59)	(60)	(61)	(62)	(63)	(64)	(65)	(66)	(67)	(68)	(69)	(70)	(71)	(72)	(73)	(74)	(75)	(76)	(77)	(78)	(79)	(80)	(81)	(82)	(83)	(84)
VARIABLES	total_adj	total_adj	ln_total_adj	ln_total_adj	total_fte_adj	total_fte_adj	ln_total_fte_adj	ln_total_fte_adj	total_mil_adj	total_mil_adj	ln_total_mil_adj	ln_total_mil_adj	total_adj	total_adj	ln_total_adj	ln_total_adj	total_fte_adj	total_fte_adj	ln_total_fte_adj	ln_total_fte_adj	total_mil_adj	total_mil_adj	ln_total_mil_adj	ln_total_mil_adj	total_adj	total_adj	ln_total_adj	ln_total_adj	total_fte_adj	total_fte_adj	ln_total_fte_adj	ln_total_fte_adj	total_mil_adj	total_mil_adj	ln_total_mil_adj	ln_total_mil_adj	total_adj	total_adj	ln_total_adj	ln_total_adj	total_fte_adj	total_fte_adj	ln_total_fte_adj	ln_total_fte_adj	total_mil_adj	total_mil_adj	ln_total_mil_adj	ln_total_mil_adj	total_adj	total_adj	ln_total_adj	ln_total_adj	total_fte_adj	total_fte_adj	ln_total_fte_adj	ln_total_fte_adj	total_mil_adj	total_mil_adj	ln_total_mil_adj	ln_total_mil_adj	total_adj	total_adj	ln_total_adj	ln_total_adj	total_fte_adj	total_fte_adj	ln_total_fte_adj	ln_total_fte_adj	total_mil_adj	total_mil_adj	ln_total_mil_adj	ln_total_mil_adj	total_adj	total_adj	ln_total_adj	ln_total_adj	total_fte_adj	total_fte_adj	ln_total_fte_adj	ln_total_fte_adj	total_mil_adj	total_mil_adj	ln_total_mil_adj	ln_total_mil_adj
																																																																																				
local_pct	122,785.621	142,613.697	0.004**	0.005**	77.800*	-14.210	0.006***	0.005**	0.123	0.143	0.004**	0.005**	122,785.621	142,613.697	0.004**	0.005**	77.800*	-14.210	0.006***	0.005**	0.123	0.143	0.004**	0.005**	122,785.621	142,613.697	0.004**	0.005**	77.800*	-14.210	0.006***	0.005**	0.123	0.143	0.004**	0.005**	122,785.621	142,613.697	0.004**	0.005**	77.800*	-14.210	0.006***	0.005**	0.123	0.143	0.004**	0.005**	122,785.621	142,613.697	0.004**	0.005**	77.800*	-14.210	0.006***	0.005**	0.123	0.143	0.004**	0.005**	122,785.621	142,613.697	0.004**	0.005**	77.800*	-14.210	0.006***	0.005**	0.123	0.143	0.004**	0.005**	122,785.621	142,613.697	0.004**	0.005**	77.800*	-14.210	0.006***	0.005**	0.123	0.143	0.004**	0.005**
	(98,866.696)	(96,889.234)	(0.002)	(0.002)	(31.464)	(71.811)	(0.002)	(0.002)	(0.099)	(0.097)	(0.002)	(0.002)	(98,866.696)	(96,889.234)	(0.002)	(0.002)	(31.464)	(71.811)	(0.002)	(0.002)	(0.099)	(0.097)	(0.002)	(0.002)	(98,866.696)	(96,889.234)	(0.002)	(0.002)	(31.464)	(71.811)	(0.002)	(0.002)	(0.099)	(0.097)	(0.002)	(0.002)	(98,866.696)	(96,889.234)	(0.002)	(0.002)	(31.464)	(71.811)	(0.002)	(0.002)	(0.099)	(0.097)	(0.002)	(0.002)	(98,866.696)	(96,889.234)	(0.002)	(0.002)	(31.464)	(71.811)	(0.002)	(0.002)	(0.099)	(0.097)	(0.002)	(0.002)	(98,866.696)	(96,889.234)	(0.002)	(0.002)	(31.464)	(71.811)	(0.002)	(0.002)	(0.099)	(0.097)	(0.002)	(0.002)	(98,866.696)	(96,889.234)	(0.002)	(0.002)	(31.464)	(71.811)	(0.002)	(0.002)	(0.099)	(0.097)	(0.002)	(0.002)
ln_tuition2		731,915.497		0.026***		698.671		0.026***		0.732		0.026***		731,915.497		0.026***		698.671		0.026***		0.732		0.026***		731,915.497		0.026***		698.671		0.026***		0.732		0.026***		731,915.497		0.026***		698.671		0.026***		0.732		0.026***		731,915.497		0.026***		698.671		0.026***		0.732		0.026***		731,915.497		0.026***		698.671		0.026***		0.732		0.026***		731,915.497		0.026***		698.671		0.026***		0.732		0.026***
		(1009437.796)		(0.007)		(683.726)		(0.007)		(1.009)		(0.007)		(1009437.796)		(0.007)		(683.726)		(0.007)		(1.009)		(0.007)		(1009437.796)		(0.007)		(683.726)		(0.007)		(1.009)		(0.007)		(1009437.796)		(0.007)		(683.726)		(0.007)		(1.009)		(0.007)		(1009437.796)		(0.007)		(683.726)		(0.007)		(1.009)		(0.007)		(1009437.796)		(0.007)		(683.726)		(0.007)		(1.009)		(0.007)		(1009437.796)		(0.007)		(683.726)		(0.007)		(1.009)		(0.007)
ln_fteug		26498916.169***		0.420***		-58,333.109		-0.580***		26.499***		0.420***		26498916.169***		0.420***		-58,333.109		-0.580***		26.499***		0.420***		26498916.169***		0.420***		-58,333.109		-0.580***		26.499***		0.420***		26498916.169***		0.420***		-58,333.109		-0.580***		26.499***		0.420***		26498916.169***		0.420***		-58,333.109		-0.580***		26.499***		0.420***		26498916.169***		0.420***		-58,333.109		-0.580***		26.499***		0.420***		26498916.169***		0.420***		-58,333.109		-0.580***		26.499***		0.420***
		(5010366.823)		(0.062)		(33,109.494)		(0.062)		(5.010)		(0.062)		(5010366.823)		(0.062)		(33,109.494)		(0.062)		(5.010)		(0.062)		(5010366.823)		(0.062)		(33,109.494)		(0.062)		(5.010)		(0.062)		(5010366.823)		(0.062)		(33,109.494)		(0.062)		(5.010)		(0.062)		(5010366.823)		(0.062)		(33,109.494)		(0.062)		(5.010)		(0.062)		(5010366.823)		(0.062)		(33,109.494)		(0.062)		(5.010)		(0.062)		(5010366.823)		(0.062)		(33,109.494)		(0.062)		(5.010)		(0.062)
ln_instruct_fte		21667093.139***		0.347***		-22,554.956		0.347***		21.667***		0.347***		21667093.139***		0.347***		-22,554.956		0.347***		21.667***		0.347***		21667093.139***		0.347***		-22,554.956		0.347***		21.667***		0.347***		21667093.139***		0.347***		-22,554.956		0.347***		21.667***		0.347***		21667093.139***		0.347***		-22,554.956		0.347***		21.667***		0.347***		21667093.139***		0.347***		-22,554.956		0.347***		21.667***		0.347***		21667093.139***		0.347***		-22,554.956		0.347***		21.667***		0.347***
		(4128773.760)		(0.044)		(19,106.886)		(0.044)		(4.129)		(0.044)		(4128773.760)		(0.044)		(19,106.886)		(0.044)		(4.129)		(0.044)		(4128773.760)		(0.044)		(19,106.886)		(0.044)		(4.129)		(0.044)		(4128773.760)		(0.044)		(19,106.886)		(0.044)		(4.129)		(0.044)		(4128773.760)		(0.044)		(19,106.886)		(0.044)		(4.129)		(0.044)		(4128773.760)		(0.044)		(19,106.886)		(0.044)		(4.129)		(0.044)		(4128773.760)		(0.044)		(19,106.886)		(0.044)		(4.129)		(0.044)
ln_stinccap		17257865.852		0.644***		35,995.541*		0.644***		17.258		0.644***		17257865.852		0.644***		35,995.541*		0.644***		17.258		0.644***		17257865.852		0.644***		35,995.541*		0.644***		17.258		0.644***		17257865.852		0.644***		35,995.541*		0.644***		17.258		0.644***		17257865.852		0.644***		35,995.541*		0.644***		17.258		0.644***		17257865.852		0.644***		35,995.541*		0.644***		17.258		0.644***		17257865.852		0.644***		35,995.541*		0.644***		17.258		0.644***
		(12288515.572)		(0.121)		(15,280.112)		(0.121)		(12.289)		(0.121)		(12288515.572)		(0.121)		(15,280.112)		(0.121)		(12.289)		(0.121)		(12288515.572)		(0.121)		(15,280.112)		(0.121)		(12.289)		(0.121)		(12288515.572)		(0.121)		(15,280.112)		(0.121)		(12.289)		(0.121)		(12288515.572)		(0.121)		(15,280.112)		(0.121)		(12.289)		(0.121)		(12288515.572)		(0.121)		(15,280.112)		(0.121)		(12.289)		(0.121)		(12288515.572)		(0.121)		(15,280.112)		(0.121)		(12.289)		(0.121)
stunemprate		-57,508.842		0.002		-82.262		0.002		-0.058		0.002		-57,508.842		0.002		-82.262		0.002		-0.058		0.002		-57,508.842		0.002		-82.262		0.002		-0.058		0.002		-57,508.842		0.002		-82.262		0.002		-0.058		0.002		-57,508.842		0.002		-82.262		0.002		-0.058		0.002		-57,508.842		0.002		-82.262		0.002		-0.058		0.002		-57,508.842		0.002		-82.262		0.002		-0.058		0.002
		(525,783.864)		(0.004)		(315.204)		(0.004)		(0.526)		(0.004)		(525,783.864)		(0.004)		(315.204)		(0.004)		(0.526)		(0.004)		(525,783.864)		(0.004)		(315.204)		(0.004)		(0.526)		(0.004)		(525,783.864)		(0.004)		(315.204)		(0.004)		(0.526)		(0.004)		(525,783.864)		(0.004)		(315.204)		(0.004)		(0.526)		(0.004)		(525,783.864)		(0.004)		(315.204)		(0.004)		(0.526)		(0.004)		(525,783.864)		(0.004)		(315.204)		(0.004)		(0.526)		(0.004)
stbaabove_p		209,728.037		0.001		-636.002		0.001		0.210		0.001		209,728.037		0.001		-636.002		0.001		0.210		0.001		209,728.037		0.001		-636.002		0.001		0.210		0.001		209,728.037		0.001		-636.002		0.001		0.210		0.001		209,728.037		0.001		-636.002		0.001		0.210		0.001		209,728.037		0.001		-636.002		0.001		0.210		0.001		209,728.037		0.001		-636.002		0.001		0.210		0.001
		(195,121.114)		(0.002)		(695.586)		(0.002)		(0.195)		(0.002)		(195,121.114)		(0.002)		(695.586)		(0.002)		(0.195)		(0.002)		(195,121.114)		(0.002)		(695.586)		(0.002)		(0.195)		(0.002)		(195,121.114)		(0.002)		(695.586)		(0.002)		(0.195)		(0.002)		(195,121.114)		(0.002)		(695.586)		(0.002)		(0.195)		(0.002)		(195,121.114)		(0.002)		(695.586)		(0.002)		(0.195)		(0.002)		(195,121.114)		(0.002)		(695.586)		(0.002)		(0.195)		(0.002)
ln_stcollage2		5554379.365		-0.010		1,699.993		-0.010		5.554		-0.010		5554379.365		-0.010		1,699.993		-0.010		5.554		-0.010		5554379.365		-0.010		1,699.993		-0.010		5.554		-0.010		5554379.365		-0.010		1,699.993		-0.010		5.554		-0.010		5554379.365		-0.010		1,699.993		-0.010		5.554		-0.010		5554379.365		-0.010		1,699.993		-0.010		5.554		-0.010		5554379.365		-0.010		1,699.993		-0.010		5.554		-0.010
		(3920004.721)		(0.024)		(3,468.250)		(0.024)		(3.920)		(0.024)		(3920004.721)		(0.024)		(3,468.250)		(0.024)		(3.920)		(0.024)		(3920004.721)		(0.024)		(3,468.250)		(0.024)		(3.920)		(0.024)		(3920004.721)		(0.024)		(3,468.250)		(0.024)		(3.920)		(0.024)		(3920004.721)		(0.024)		(3,468.250)		(0.024)		(3.920)		(0.024)		(3920004.721)		(0.024)		(3,468.250)		(0.024)		(3.920)		(0.024)		(3920004.721)		(0.024)		(3,468.250)		(0.024)		(3.920)		(0.024)
stcoll2_black_p		-89,488.389		0.000		12.799		0.000		-0.089		0.000		-89,488.389		0.000		12.799		0.000		-0.089		0.000		-89,488.389		0.000		12.799		0.000		-0.089		0.000		-89,488.389		0.000		12.799		0.000		-0.089		0.000		-89,488.389		0.000		12.799		0.000		-0.089		0.000		-89,488.389		0.000		12.799		0.000		-0.089		0.000		-89,488.389		0.000		12.799		0.000		-0.089		0.000
		(46,642.409)		(0.001)		(58.249)		(0.001)		(0.047)		(0.001)		(46,642.409)		(0.001)		(58.249)		(0.001)		(0.047)		(0.001)		(46,642.409)		(0.001)		(58.249)		(0.001)		(0.047)		(0.001)		(46,642.409)		(0.001)		(58.249)		(0.001)		(0.047)		(0.001)		(46,642.409)		(0.001)		(58.249)		(0.001)		(0.047)		(0.001)		(46,642.409)		(0.001)		(58.249)		(0.001)		(0.047)		(0.001)		(46,642.409)		(0.001)		(58.249)		(0.001)		(0.047)		(0.001)
stcoll2_hisp_p		123,593.438		0.000		-74.476		0.000		0.124		0.000		123,593.438		0.000		-74.476		0.000		0.124		0.000		123,593.438		0.000		-74.476		0.000		0.124		0.000		123,593.438		0.000		-74.476		0.000		0.124		0.000		123,593.438		0.000		-74.476		0.000		0.124		0.000		123,593.438		0.000		-74.476		0.000		0.124		0.000		123,593.438		0.000		-74.476		0.000		0.124		0.000
		(67,119.065)		(0.001)		(65.559)		(0.001)		(0.067)		(0.001)		(67,119.065)		(0.001)		(65.559)		(0.001)		(0.067)		(0.001)		(67,119.065)		(0.001)		(65.559)		(0.001)		(0.067)		(0.001)		(67,119.065)		(0.001)		(65.559)		(0.001)		(0.067)		(0.001)		(67,119.065)		(0.001)		(65.559)		(0.001)		(0.067)		(0.001)		(67,119.065)		(0.001)		(65.559)		(0.001)		(0.067)		(0.001)		(67,119.065)		(0.001)		(65.559)		(0.001)		(0.067)		(0.001)
stcoll2_amind_p		10,316.386		0.000		-30.118		0.000		0.010		0.000		10,316.386		0.000		-30.118		0.000		0.010		0.000		10,316.386		0.000		-30.118		0.000		0.010		0.000		10,316.386		0.000		-30.118		0.000		0.010		0.000		10,316.386		0.000		-30.118		0.000		0.010		0.000		10,316.386		0.000		-30.118		0.000		0.010		0.000		10,316.386		0.000		-30.118		0.000		0.010		0.000
		(13,004.542)		(0.000)		(31.525)		(0.000)		(0.013)		(0.000)		(13,004.542)		(0.000)		(31.525)		(0.000)		(0.013)		(0.000)		(13,004.542)		(0.000)		(31.525)		(0.000)		(0.013)		(0.000)		(13,004.542)		(0.000)		(31.525)		(0.000)		(0.013)		(0.000)		(13,004.542)		(0.000)		(31.525)		(0.000)		(0.013)		(0.000)		(13,004.542)		(0.000)		(31.525)		(0.000)		(0.013)		(0.000)		(13,004.542)		(0.000)		(31.525)		(0.000)		(0.013)		(0.000)
Constant	67284695.894***	-6.043e+08***	17.671***	4.239**	13,920.905***	285,267.017	9.457***	4.239**	67.285***	-604.328***	3.856***	-9.577***	67284695.894***	-6.043e+08***	17.671***	4.239**	13,920.905***	285,267.017	9.457***	4.239**	67.285***	-604.328***	3.856***	-9.577***	67284695.894***	-6.043e+08***	17.671***	4.239**	13,920.905***	285,267.017	9.457***	4.239**	67.285***	-604.328***	3.856***	-9.577***	67284695.894***	-6.043e+08***	17.671***	4.239**	13,920.905***	285,267.017	9.457***	4.239**	67.285***	-604.328***	3.856***	-9.577***	67284695.894***	-6.043e+08***	17.671***	4.239**	13,920.905***	285,267.017	9.457***	4.239**	67.285***	-604.328***	3.856***	-9.577***	67284695.894***	-6.043e+08***	17.671***	4.239**	13,920.905***	285,267.017	9.457***	4.239**	67.285***	-604.328***	3.856***	-9.577***	67284695.894***	-6.043e+08***	17.671***	4.239**	13,920.905***	285,267.017	9.457***	4.239**	67.285***	-604.328***	3.856***	-9.577***
	(1582346.619)	(1.366e+08)	(0.026)	(1.326)	(504.197)	(310,337.128)	(0.026)	(1.326)	(1.582)	(136.552)	(0.026)	(1.326)	(1582346.619)	(1.366e+08)	(0.026)	(1.326)	(504.197)	(310,337.128)	(0.026)	(1.326)	(1.582)	(136.552)	(0.026)	(1.326)	(1582346.619)	(1.366e+08)	(0.026)	(1.326)	(504.197)	(310,337.128)	(0.026)	(1.326)	(1.582)	(136.552)	(0.026)	(1.326)	(1582346.619)	(1.366e+08)	(0.026)	(1.326)	(504.197)	(310,337.128)	(0.026)	(1.326)	(1.582)	(136.552)	(0.026)	(1.326)	(1582346.619)	(1.366e+08)	(0.026)	(1.326)	(504.197)	(310,337.128)	(0.026)	(1.326)	(1.582)	(136.552)	(0.026)	(1.326)	(1582346.619)	(1.366e+08)	(0.026)	(1.326)	(504.197)	(310,337.128)	(0.026)	(1.326)	(1.582)	(136.552)	(0.026)	(1.326)	(1582346.619)	(1.366e+08)	(0.026)	(1.326)	(504.197)	(310,337.128)	(0.026)	(1.326)	(1.582)	(136.552)	(0.026)	(1.326)
																																																																																				
Observations	8,342	8,262	8,342	8,262	8,322	8,262	8,322	8,262	8,342	8,262	8,342	8,262	8,342	8,262	8,342	8,262	8,322	8,262	8,322	8,262	8,342	8,262	8,342	8,262	8,342	8,262	8,342	8,262	8,322	8,262	8,322	8,262	8,342	8,262	8,342	8,262	8,342	8,262	8,342	8,262	8,322	8,262	8,322	8,262	8,342	8,262	8,342	8,262	8,342	8,262	8,342	8,262	8,322	8,262	8,322	8,262	8,342	8,262	8,342	8,262	8,342	8,262	8,342	8,262	8,322	8,262	8,322	8,262	8,342	8,262	8,342	8,262	8,342	8,262	8,342	8,262	8,322	8,262	8,322	8,262	8,342	8,262	8,342	8,262
R-squared	0.951	0.955	0.967	0.973	0.150	0.328	0.655	0.860	0.951	0.955	0.967	0.973	0.951	0.955	0.967	0.973	0.150	0.328	0.655	0.860	0.951	0.955	0.967	0.973	0.951	0.955	0.967	0.973	0.150	0.328	0.655	0.860	0.951	0.955	0.967	0.973	0.951	0.955	0.967	0.973	0.150	0.328	0.655	0.860	0.951	0.955	0.967	0.973	0.951	0.955	0.967	0.973	0.150	0.328	0.655	0.860	0.951	0.955	0.967	0.973	0.951	0.955	0.967	0.973	0.150	0.328	0.655	0.860	0.951	0.955	0.967	0.973	0.951	0.955	0.967	0.973	0.150	0.328	0.655	0.860	0.951	0.955	0.967	0.973
Covariates	NO	YES	NO	YES	NO	YES	NO	YES	NO	YES	NO	YES	NO	YES	NO	YES	NO	YES	NO	YES	NO	YES	NO	YES	NO	YES	NO	YES	NO	YES	NO	YES	NO	YES	NO	YES	NO	YES	NO	YES	NO	YES	NO	YES	NO	YES	NO	YES	NO	YES	NO	YES	NO	YES	NO	YES	NO	YES	NO	YES	NO	YES	NO	YES	NO	YES	NO	YES	NO	YES	NO	YES	NO	YES	NO	YES	NO	YES	NO	YES	NO	YES	NO	YES
College FE	YES	YES	YES	YES	YES	YES	YES	YES	YES	YES	YES	YES	YES	YES	YES	YES	YES	YES	YES	YES	YES	YES	YES	YES	YES	YES	YES	YES	YES	YES	YES	YES	YES	YES	YES	YES	YES	YES	YES	YES	YES	YES	YES	YES	YES	YES	YES	YES	YES	YES	YES	YES	YES	YES	YES	YES	YES	YES	YES	YES	YES	YES	YES	YES	YES	YES	YES	YES	YES	YES	YES	YES	YES	YES	YES	YES	YES	YES	YES	YES	YES	YES	YES	YES
Year FE	YES	YES	YES	YES	YES	YES	YES	YES	YES	YES	YES	YES	YES	YES	YES	YES	YES	YES	YES	YES	YES	YES	YES	YES	YES	YES	YES	YES	YES	YES	YES	YES	YES	YES	YES	YES	YES	YES	YES	YES	YES	YES	YES	YES	YES	YES	YES	YES	YES	YES	YES	YES	YES	YES	YES	YES	YES	YES	YES	YES	YES	YES	YES	YES	YES	YES	YES	YES	YES	YES	YES	YES	YES	YES	YES	YES	YES	YES	YES	YES	YES	YES	YES	YES
Adjusted within R-squared	0.00182	0.0875	0.0185	0.206	0.000260	0.209	0.0160	0.595	0.00182	0.0875	0.0185	0.206	0.00182	0.0875	0.0185	0.206	0.000260	0.209	0.0160	0.595	0.00182	0.0875	0.0185	0.206	0.00182	0.0875	0.0185	0.206	0.000260	0.209	0.0160	0.595	0.00182	0.0875	0.0185	0.206	0.00182	0.0875	0.0185	0.206	0.000260	0.209	0.0160	0.595	0.00182	0.0875	0.0185	0.206	0.00182	0.0875	0.0185	0.206	0.000260	0.209	0.0160	0.595	0.00182	0.0875	0.0185	0.206	0.00182	0.0875	0.0185	0.206	0.000260	0.209	0.0160	0.595	0.00182	0.0875	0.0185	0.206	0.00182	0.0875	0.0185	0.206	0.000260	0.209	0.0160	0.595	0.00182	0.0875	0.0185	0.206
Robust standard errors in parentheses																																																																																				
*** p<0.001, ** p<0.01, * p<0.05																																																																																				
