DV_ENC	1975	1	63.53
DV_ENC	1975	2	62.7
DV_ENC	1975	3	63.46
DV_ENC	1975	4	64.74
DV_ENC	1976	1	64.69
DV_ENC	1976	2	66.77
DV_ENC	1976	3	68.67
DV_ENC	1976	4	70.26
DV_ENC	1977	1	72.71
DV_ENC	1977	2	74.4
DV_ENC	1977	3	76.83
DV_ENC	1977	4	79.99
DV_ENC	1978	1	82.54
DV_ENC	1978	2	86.88
DV_ENC	1978	3	89.54
DV_ENC	1978	4	91.97
DV_ENC	1979	1	94.73
DV_ENC	1979	2	98.21
DV_ENC	1979	3	99.06
DV_ENC	1979	4	99.8
DV_ENC	1980	1	100
DV_ENC	1980	2	100.32
DV_ENC	1980	3	102.43
DV_ENC	1980	4	101.35
DV_ENC	1981	1	102.76
DV_ENC	1981	2	104.12
DV_ENC	1981	3	104.77
DV_ENC	1981	4	103.67
DV_ENC	1982	1	101.27
DV_ENC	1982	2	100.47
DV_ENC	1982	3	100.3
DV_ENC	1982	4	99.28
DV_ENC	1983	1	102.22
DV_ENC	1983	2	103.9
DV_ENC	1983	3	104.27
DV_ENC	1983	4	103.81
DV_ENC	1984	1	104.65
DV_ENC	1984	2	106.04
DV_ENC	1984	3	106.11
DV_ENC	1984	4	106.77
DV_ENC	1985	1	107.99
DV_ENC	1985	2	109.3
DV_ENC	1985	3	110.66
DV_ENC	1985	4	111.9
DV_ENC	1986	1	113.43
DV_ENC	1986	2	115.72
DV_ENC	1986	3	117.95
DV_ENC	1986	4	119.89
DV_ENC	1987	1	122.13
DV_ENC	1987	2	125.16
DV_ENC	1987	3	127.57
DV_ENC	1987	4	129.05
DV_ENC	1988	1	131.19
DV_ENC	1988	2	134.22
DV_ENC	1988	3	136.14
DV_ENC	1988	4	137.36
DV_ENC	1989	1	139.38
DV_ENC	1989	2	141.53
DV_ENC	1989	3	144.52
DV_ENC	1989	4	145.5
DV_ENC	1990	1	147.24
DV_ENC	1990	2	149
DV_ENC	1990	3	150.62
DV_ENC	1990	4	151.02
DV_ENC	1991	1	152.93
DV_ENC	1991	2	154.8
DV_ENC	1991	3	156.06
DV_ENC	1991	4	158.14
DV_ENC	1992	1	159.58
DV_ENC	1992	2	161
DV_ENC	1992	3	162.81
DV_ENC	1992	4	164.26
DV_ENC	1993	1	165.16
DV_ENC	1993	2	166.82
DV_ENC	1993	3	168.68
DV_ENC	1993	4	170.41
DV_ENC	1994	1	172.76
DV_ENC	1994	2	175.92
DV_ENC	1994	3	178.15
DV_ENC	1994	4	179.18
DV_ENC	1995	1	181.28
DV_ENC	1995	2	184.58
DV_ENC	1995	3	187.5
DV_ENC	1995	4	189.88
DV_ENC	1996	1	192.24
DV_ENC	1996	2	194.65
DV_ENC	1996	3	196.81
DV_ENC	1996	4	199.02
DV_ENC	1997	1	201.33
DV_ENC	1997	2	203.64
DV_ENC	1997	3	206.51
DV_ENC	1997	4	208.94
DV_ENC	1998	1	211.04
DV_ENC	1998	2	213.28
DV_ENC	1998	3	215.95
DV_ENC	1998	4	217.79
DV_ENC	1999	1	220.45
DV_ENC	1999	2	223.3
DV_ENC	1999	3	225.85
DV_ENC	1999	4	227.75
DV_ENC	2000	1	231.8
DV_ENC	2000	2	234.67
DV_ENC	2000	3	238.2
DV_ENC	2000	4	241.1
DV_ENC	2001	1	245.13
DV_ENC	2001	2	248.23
DV_ENC	2001	3	251.33
DV_ENC	2001	4	253.49
DV_ENC	2002	1	256.61
DV_ENC	2002	2	259.33
DV_ENC	2002	3	262.11
DV_ENC	2002	4	264.07
DV_ENC	2003	1	266.34
DV_ENC	2003	2	268.45
DV_ENC	2003	3	271.22
DV_ENC	2003	4	276.49
DV_ENC	2004	1	278.57
DV_ENC	2004	2	281.79
DV_ENC	2004	3	287.53
DV_ENC	2004	4	290.87
DV_ENC	2005	1	294.49
DV_ENC	2005	2	298.14
DV_ENC	2005	3	302.29
DV_ENC	2005	4	304.02
DV_ENC	2006	1	304.97
DV_ENC	2006	2	303.94
DV_ENC	2006	3	304.21
DV_ENC	2006	4	306.65
DV_ENC	2007	1	306.88
DV_ENC	2007	2	305.07
DV_ENC	2007	3	301.1
DV_ENC	2007	4	301.49
DV_ENC	2008	1	302.07
DV_ENC	2008	2	295.97
DV_ENC	2008	3	287.8
DV_ENC	2008	4	287.21
DV_ENC	2009	1	290.6
DV_ENC	2009	2	282.98
DV_ENC	2009	3	275.06
DV_ENC	2009	4	273.26
DV_ENC	2010	1	269.19
DV_ENC	2010	2	267
DV_ENC	2010	3	270.55
DV_ENC	2010	4	269.54
DV_ENC	2011	1	261.09
DV_ENC	2011	2	257.34
DV_ENC	2011	3	260.9
DV_ENC	2011	4	261.91
DV_ENC	2012	1	258.57
DV_ENC	2012	2	257.16
DV_ENC	2012	3	260.34
DV_ENC	2012	4	261.2
DV_ENC	2013	1	261.19
DV_ENC	2013	2	263.32
DV_ENC	2013	3	266.4
DV_ESC	1975	1	68.44
DV_ESC	1975	2	68.19
DV_ESC	1975	3	68.86
DV_ESC	1975	4	69.7
DV_ESC	1976	1	71.45
DV_ESC	1976	2	71.17
DV_ESC	1976	3	71.57
DV_ESC	1976	4	74.06
DV_ESC	1977	1	75.21
DV_ESC	1977	2	77.73
DV_ESC	1977	3	79.82
DV_ESC	1977	4	81.82
DV_ESC	1978	1	84.3
DV_ESC	1978	2	85.22
DV_ESC	1978	3	90.69
DV_ESC	1978	4	91.82
DV_ESC	1979	1	95.43
DV_ESC	1979	2	96.56
DV_ESC	1979	3	99.28
DV_ESC	1979	4	99.92
DV_ESC	1980	1	100
DV_ESC	1980	2	100.73
DV_ESC	1980	3	104.1
DV_ESC	1980	4	104.13
DV_ESC	1981	1	102.49
DV_ESC	1981	2	109.24
DV_ESC	1981	3	109.07
DV_ESC	1981	4	105.09
DV_ESC	1982	1	107.14
DV_ESC	1982	2	107.73
DV_ESC	1982	3	107.99
DV_ESC	1982	4	110.34
DV_ESC	1983	1	113.12
DV_ESC	1983	2	112.87
DV_ESC	1983	3	113.71
DV_ESC	1983	4	114.15
DV_ESC	1984	1	116.94
DV_ESC	1984	2	116.8
DV_ESC	1984	3	116.76
DV_ESC	1984	4	118.95
DV_ESC	1985	1	120.71
DV_ESC	1985	2	122.49
DV_ESC	1985	3	123.91
DV_ESC	1985	4	125.3
DV_ESC	1986	1	127.02
DV_ESC	1986	2	129.19
DV_ESC	1986	3	130.06
DV_ESC	1986	4	132.06
DV_ESC	1987	1	134.27
DV_ESC	1987	2	135.7
DV_ESC	1987	3	136.25
DV_ESC	1987	4	136.23
DV_ESC	1988	1	138.11
DV_ESC	1988	2	139.19
DV_ESC	1988	3	139.32
DV_ESC	1988	4	139.62
DV_ESC	1989	1	139.52
DV_ESC	1989	2	141.25
DV_ESC	1989	3	143.21
DV_ESC	1989	4	143.5
DV_ESC	1990	1	143.84
DV_ESC	1990	2	143.93
DV_ESC	1990	3	144.56
DV_ESC	1990	4	144.11
DV_ESC	1991	1	146.03
DV_ESC	1991	2	146.92
DV_ESC	1991	3	147.4
DV_ESC	1991	4	149.93
DV_ESC	1992	1	151.26
DV_ESC	1992	2	151.55
DV_ESC	1992	3	154.04
DV_ESC	1992	4	154.74
DV_ESC	1993	1	155.55
DV_ESC	1993	2	157.53
DV_ESC	1993	3	159.58
DV_ESC	1993	4	161.13
DV_ESC	1994	1	162.95
DV_ESC	1994	2	165.65
DV_ESC	1994	3	167.3
DV_ESC	1994	4	168.66
DV_ESC	1995	1	170.32
DV_ESC	1995	2	173.56
DV_ESC	1995	3	176.15
DV_ESC	1995	4	178.07
DV_ESC	1996	1	180.61
DV_ESC	1996	2	181.63
DV_ESC	1996	3	183.48
DV_ESC	1996	4	185.16
DV_ESC	1997	1	187.31
DV_ESC	1997	2	188.71
DV_ESC	1997	3	191.24
DV_ESC	1997	4	193.8
DV_ESC	1998	1	196.65
DV_ESC	1998	2	198.62
DV_ESC	1998	3	200.79
DV_ESC	1998	4	203.21
DV_ESC	1999	1	204.84
DV_ESC	1999	2	206.26
DV_ESC	1999	3	207.34
DV_ESC	1999	4	208.4
DV_ESC	2000	1	210.35
DV_ESC	2000	2	211.88
DV_ESC	2000	3	214.01
DV_ESC	2000	4	216.3
DV_ESC	2001	1	221.63
DV_ESC	2001	2	223
DV_ESC	2001	3	224.65
DV_ESC	2001	4	226.97
DV_ESC	2002	1	227.96
DV_ESC	2002	2	228.7
DV_ESC	2002	3	231.96
DV_ESC	2002	4	234.24
DV_ESC	2003	1	236.1
DV_ESC	2003	2	238.07
DV_ESC	2003	3	239.68
DV_ESC	2003	4	242.05
DV_ESC	2004	1	244.44
DV_ESC	2004	2	246.72
DV_ESC	2004	3	250.31
DV_ESC	2004	4	254.05
DV_ESC	2005	1	256.77
DV_ESC	2005	2	261.91
DV_ESC	2005	3	267.07
DV_ESC	2005	4	271.22
DV_ESC	2006	1	275.56
DV_ESC	2006	2	280.09
DV_ESC	2006	3	283.62
DV_ESC	2006	4	288.52
DV_ESC	2007	1	291.27
DV_ESC	2007	2	293.73
DV_ESC	2007	3	294.01
DV_ESC	2007	4	296.74
DV_ESC	2008	1	298.24
DV_ESC	2008	2	297.18
DV_ESC	2008	3	293.25
DV_ESC	2008	4	294.96
DV_ESC	2009	1	297.31
DV_ESC	2009	2	294.08
DV_ESC	2009	3	288.49
DV_ESC	2009	4	287.08
DV_ESC	2010	1	284.01
DV_ESC	2010	2	281.82
DV_ESC	2010	3	285.57
DV_ESC	2010	4	283.95
DV_ESC	2011	1	277.83
DV_ESC	2011	2	274.93
DV_ESC	2011	3	277.97
DV_ESC	2011	4	279.27
DV_ESC	2012	1	277.43
DV_ESC	2012	2	276.55
DV_ESC	2012	3	278.71
DV_ESC	2012	4	279.16
DV_ESC	2013	1	278.42
DV_ESC	2013	2	279.66
DV_ESC	2013	3	280.5
DV_MA	1975	1	71.71
DV_MA	1975	2	69.2
DV_MA	1975	3	71.89
DV_MA	1975	4	72.28
DV_MA	1976	1	70.45
DV_MA	1976	2	72.58
DV_MA	1976	3	73.78
DV_MA	1976	4	71.61
DV_MA	1977	1	73.38
DV_MA	1977	2	77.88
DV_MA	1977	3	78.04
DV_MA	1977	4	80.36
DV_MA	1978	1	80.46
DV_MA	1978	2	83.95
DV_MA	1978	3	82.72
DV_MA	1978	4	84.46
DV_MA	1979	1	91.82
DV_MA	1979	2	93.94
DV_MA	1979	3	94.4
DV_MA	1979	4	97.41
DV_MA	1980	1	100
DV_MA	1980	2	101.76
DV_MA	1980	3	106.53
DV_MA	1980	4	106.01
DV_MA	1981	1	106.62
DV_MA	1981	2	106.32
DV_MA	1981	3	109.9
DV_MA	1981	4	108.26
DV_MA	1982	1	116.22
DV_MA	1982	2	118.93
DV_MA	1982	3	114.48
DV_MA	1982	4	115.8
DV_MA	1983	1	117.21
DV_MA	1983	2	120.15
DV_MA	1983	3	123.98
DV_MA	1983	4	128.25
DV_MA	1984	1	130.45
DV_MA	1984	2	135.22
DV_MA	1984	3	139.14
DV_MA	1984	4	142.76
DV_MA	1985	1	146.68
DV_MA	1985	2	152.32
DV_MA	1985	3	157.41
DV_MA	1985	4	162.08
DV_MA	1986	1	167.7
DV_MA	1986	2	174.79
DV_MA	1986	3	182.73
DV_MA	1986	4	190.42
DV_MA	1987	1	198.11
DV_MA	1987	2	206.24
DV_MA	1987	3	215.71
DV_MA	1987	4	220.72
DV_MA	1988	1	225.73
DV_MA	1988	2	231.58
DV_MA	1988	3	234.53
DV_MA	1988	4	235.5
DV_MA	1989	1	236.31
DV_MA	1989	2	236.75
DV_MA	1989	3	239.83
DV_MA	1989	4	241.47
DV_MA	1990	1	240.87
DV_MA	1990	2	238.72
DV_MA	1990	3	237.71
DV_MA	1990	4	235.43
DV_MA	1991	1	235.81
DV_MA	1991	2	236.67
DV_MA	1991	3	236.14
DV_MA	1991	4	239.03
DV_MA	1992	1	241.75
DV_MA	1992	2	239.86
DV_MA	1992	3	242.19
DV_MA	1992	4	243.75
DV_MA	1993	1	241.84
DV_MA	1993	2	245.05
DV_MA	1993	3	245.2
DV_MA	1993	4	246.77
DV_MA	1994	1	245.81
DV_MA	1994	2	243.55
DV_MA	1994	3	241.8
DV_MA	1994	4	238.67
DV_MA	1995	1	237.95
DV_MA	1995	2	241.56
DV_MA	1995	3	245.59
DV_MA	1995	4	246.02
DV_MA	1996	1	249.59
DV_MA	1996	2	247.42
DV_MA	1996	3	246.33
DV_MA	1996	4	246.86
DV_MA	1997	1	247.9
DV_MA	1997	2	249.27
DV_MA	1997	3	251.65
DV_MA	1997	4	254.23
DV_MA	1998	1	259.04
DV_MA	1998	2	260.28
DV_MA	1998	3	262.07
DV_MA	1998	4	265.19
DV_MA	1999	1	267.44
DV_MA	1999	2	270.57
DV_MA	1999	3	275.61
DV_MA	1999	4	278.79
DV_MA	2000	1	283.15
DV_MA	2000	2	289.63
DV_MA	2000	3	296.09
DV_MA	2000	4	300.22
DV_MA	2001	1	307.36
DV_MA	2001	2	313.91
DV_MA	2001	3	320.88
DV_MA	2001	4	326.12
DV_MA	2002	1	333.39
DV_MA	2002	2	342.49
DV_MA	2002	3	351.84
DV_MA	2002	4	359.04
DV_MA	2003	1	365.3
DV_MA	2003	2	371.95
DV_MA	2003	3	379.55
DV_MA	2003	4	395.27
DV_MA	2004	1	402.83
DV_MA	2004	2	414.21
DV_MA	2004	3	435.35
DV_MA	2004	4	445.73
DV_MA	2005	1	457.15
DV_MA	2005	2	473.57
DV_MA	2005	3	489.79
DV_MA	2005	4	501.62
DV_MA	2006	1	510.76
DV_MA	2006	2	514.99
DV_MA	2006	3	517.82
DV_MA	2006	4	523.21
DV_MA	2007	1	526.37
DV_MA	2007	2	525.88
DV_MA	2007	3	520.73
DV_MA	2007	4	521.78
DV_MA	2008	1	523.7
DV_MA	2008	2	514.52
DV_MA	2008	3	502.84
DV_MA	2008	4	499.52
DV_MA	2009	1	503.61
DV_MA	2009	2	492.64
DV_MA	2009	3	481.59
DV_MA	2009	4	478.67
DV_MA	2010	1	475.54
DV_MA	2010	2	473.04
DV_MA	2010	3	478.46
DV_MA	2010	4	477.76
DV_MA	2011	1	469.44
DV_MA	2011	2	462.72
DV_MA	2011	3	462.36
DV_MA	2011	4	465.06
DV_MA	2012	1	460.51
DV_MA	2012	2	456.96
DV_MA	2012	3	459.01
DV_MA	2012	4	460.33
DV_MA	2013	1	461.04
DV_MA	2013	2	462.55
DV_MA	2013	3	465.83
DV_MT	1975	1	56.3
DV_MT	1975	2	56.69
DV_MT	1975	3	56.52
DV_MT	1975	4	56.5
DV_MT	1976	1	58.01
DV_MT	1976	2	61.71
DV_MT	1976	3	61.75
DV_MT	1976	4	62.82
DV_MT	1977	1	65.73
DV_MT	1977	2	67.28
DV_MT	1977	3	70.66
DV_MT	1977	4	74.09
DV_MT	1978	1	77.28
DV_MT	1978	2	80
DV_MT	1978	3	83.86
DV_MT	1978	4	86.71
DV_MT	1979	1	91.18
DV_MT	1979	2	94.49
DV_MT	1979	3	96.69
DV_MT	1979	4	99.28
DV_MT	1980	1	100
DV_MT	1980	2	99.01
DV_MT	1980	3	105.21
DV_MT	1980	4	104.92
DV_MT	1981	1	106.38
DV_MT	1981	2	109.43
DV_MT	1981	3	113.72
DV_MT	1981	4	113
DV_MT	1982	1	112.52
DV_MT	1982	2	116.59
DV_MT	1982	3	115.52
DV_MT	1982	4	118.92
DV_MT	1983	1	120.76
DV_MT	1983	2	119.46
DV_MT	1983	3	118.84
DV_MT	1983	4	117.84
DV_MT	1984	1	120.69
DV_MT	1984	2	120.88
DV_MT	1984	3	121.67
DV_MT	1984	4	120.77
DV_MT	1985	1	122.66
DV_MT	1985	2	122.62
DV_MT	1985	3	123.97
DV_MT	1985	4	123.51
DV_MT	1986	1	126.38
DV_MT	1986	2	127.73
DV_MT	1986	3	127.34
DV_MT	1986	4	126.75
DV_MT	1987	1	128.46
DV_MT	1987	2	127.22
DV_MT	1987	3	124.82
DV_MT	1987	4	122.92
DV_MT	1988	1	124.31
DV_MT	1988	2	124.61
DV_MT	1988	3	124.27
DV_MT	1988	4	123.94
DV_MT	1989	1	123.96
DV_MT	1989	2	124.87
DV_MT	1989	3	127.07
DV_MT	1989	4	127.16
DV_MT	1990	1	127.65
DV_MT	1990	2	128.52
DV_MT	1990	3	130.51
DV_MT	1990	4	130.24
DV_MT	1991	1	132.04
DV_MT	1991	2	133.78
DV_MT	1991	3	134.52
DV_MT	1991	4	137.52
DV_MT	1992	1	139.31
DV_MT	1992	2	140.65
DV_MT	1992	3	142.85
DV_MT	1992	4	145.23
DV_MT	1993	1	146.75
DV_MT	1993	2	149.95
DV_MT	1993	3	153.05
DV_MT	1993	4	156.25
DV_MT	1994	1	159.64
DV_MT	1994	2	164.72
DV_MT	1994	3	167.95
DV_MT	1994	4	169.55
DV_MT	1995	1	171.88
DV_MT	1995	2	175.6
DV_MT	1995	3	179.24
DV_MT	1995	4	181.52
DV_MT	1996	1	184.09
DV_MT	1996	2	184.94
DV_MT	1996	3	186.48
DV_MT	1996	4	188.45
DV_MT	1997	1	190.23
DV_MT	1997	2	191.67
DV_MT	1997	3	194.57
DV_MT	1997	4	197.22
DV_MT	1998	1	199.56
DV_MT	1998	2	200.99
DV_MT	1998	3	203.37
DV_MT	1998	4	205.49
DV_MT	1999	1	207.43
DV_MT	1999	2	209.83
DV_MT	1999	3	212.24
DV_MT	1999	4	213.87
DV_MT	2000	1	217.99
DV_MT	2000	2	220.54
DV_MT	2000	3	223.74
DV_MT	2000	4	227.31
DV_MT	2001	1	232.62
DV_MT	2001	2	235.82
DV_MT	2001	3	238.78
DV_MT	2001	4	241.07
DV_MT	2002	1	243.54
DV_MT	2002	2	246.08
DV_MT	2002	3	250.14
DV_MT	2002	4	252.35
DV_MT	2003	1	254.66
DV_MT	2003	2	257.2
DV_MT	2003	3	260.33
DV_MT	2003	4	266.57
DV_MT	2004	1	270.99
DV_MT	2004	2	278.79
DV_MT	2004	3	290.81
DV_MT	2004	4	298.22
DV_MT	2005	1	307.89
DV_MT	2005	2	324.2
DV_MT	2005	3	339.2
DV_MT	2005	4	352.23
DV_MT	2006	1	361.19
DV_MT	2006	2	368.84
DV_MT	2006	3	374.65
DV_MT	2006	4	379.9
DV_MT	2007	1	382.41
DV_MT	2007	2	382.61
DV_MT	2007	3	379.06
DV_MT	2007	4	377.1
DV_MT	2008	1	371.86
DV_MT	2008	2	360.28
DV_MT	2008	3	343.9
DV_MT	2008	4	338.8
DV_MT	2009	1	339.7
DV_MT	2009	2	324.86
DV_MT	2009	3	311.64
DV_MT	2009	4	306.65
DV_MT	2010	1	300.53
DV_MT	2010	2	293.9
DV_MT	2010	3	295.59
DV_MT	2010	4	291.06
DV_MT	2011	1	278.9
DV_MT	2011	2	270.13
DV_MT	2011	3	272.8
DV_MT	2011	4	275.51
DV_MT	2012	1	274.03
DV_MT	2012	2	274.85
DV_MT	2012	3	281.07
DV_MT	2012	4	286.43
DV_MT	2013	1	291.26
DV_MT	2013	2	300.13
DV_MT	2013	3	308.73
DV_NE	1975	1	59.04
DV_NE	1975	2	65.09
DV_NE	1975	3	62.61
DV_NE	1975	4	64.59
DV_NE	1976	1	63.83
DV_NE	1976	2	65.58
DV_NE	1976	3	69.48
DV_NE	1976	4	70.62
DV_NE	1977	1	70.6
DV_NE	1977	2	71.38
DV_NE	1977	3	73.94
DV_NE	1977	4	75.29
DV_NE	1978	1	77.73
DV_NE	1978	2	81.23
DV_NE	1978	3	86.66
DV_NE	1978	4	88.35
DV_NE	1979	1	94.27
DV_NE	1979	2	96.09
DV_NE	1979	3	97.99
DV_NE	1979	4	101.07
DV_NE	1980	1	100
DV_NE	1980	2	102.71
DV_NE	1980	3	106.78
DV_NE	1980	4	106.98
DV_NE	1981	1	109.29
DV_NE	1981	2	114.04
DV_NE	1981	3	114.63
DV_NE	1981	4	113.63
DV_NE	1982	1	118.44
DV_NE	1982	2	121.47
DV_NE	1982	3	120.02
DV_NE	1982	4	122.08
DV_NE	1983	1	125.27
DV_NE	1983	2	129.3
DV_NE	1983	3	134.3
DV_NE	1983	4	138.86
DV_NE	1984	1	143.77
DV_NE	1984	2	149.56
DV_NE	1984	3	156.48
DV_NE	1984	4	159.59
DV_NE	1985	1	166.71
DV_NE	1985	2	176.54
DV_NE	1985	3	184.65
DV_NE	1985	4	195.43
DV_NE	1986	1	202.32
DV_NE	1986	2	212.24
DV_NE	1986	3	224.05
DV_NE	1986	4	236.73
DV_NE	1987	1	246.67
DV_NE	1987	2	256.16
DV_NE	1987	3	266.13
DV_NE	1987	4	272.18
DV_NE	1988	1	276.36
DV_NE	1988	2	281.48
DV_NE	1988	3	282.21
DV_NE	1988	4	283.6
DV_NE	1989	1	282.14
DV_NE	1989	2	281.9
DV_NE	1989	3	285.38
DV_NE	1989	4	285.95
DV_NE	1990	1	282.05
DV_NE	1990	2	274.65
DV_NE	1990	3	270.76
DV_NE	1990	4	265.44
DV_NE	1991	1	262.84
DV_NE	1991	2	260.57
DV_NE	1991	3	257.2
DV_NE	1991	4	259.59
DV_NE	1992	1	259.53
DV_NE	1992	2	255.66
DV_NE	1992	3	256.59
DV_NE	1992	4	257.09
DV_NE	1993	1	254.66
DV_NE	1993	2	256.21
DV_NE	1993	3	256.38
DV_NE	1993	4	257.76
DV_NE	1994	1	257.35
DV_NE	1994	2	253.05
DV_NE	1994	3	251.3
DV_NE	1994	4	248.98
DV_NE	1995	1	249.57
DV_NE	1995	2	253.58
DV_NE	1995	3	258.21
DV_NE	1995	4	259.48
DV_NE	1996	1	262.96
DV_NE	1996	2	261.16
DV_NE	1996	3	260.6
DV_NE	1996	4	263.19
DV_NE	1997	1	264.94
DV_NE	1997	2	267.21
DV_NE	1997	3	270.87
DV_NE	1997	4	274.39
DV_NE	1998	1	278.9
DV_NE	1998	2	282.05
DV_NE	1998	3	287.05
DV_NE	1998	4	291.08
DV_NE	1999	1	295.6
DV_NE	1999	2	302.39
DV_NE	1999	3	311.52
DV_NE	1999	4	316.84
DV_NE	2000	1	327.02
DV_NE	2000	2	336.67
DV_NE	2000	3	346.72
DV_NE	2000	4	353.89
DV_NE	2001	1	362.84
DV_NE	2001	2	372.51
DV_NE	2001	3	384.04
DV_NE	2001	4	391.07
DV_NE	2002	1	401.39
DV_NE	2002	2	415
DV_NE	2002	3	426.96
DV_NE	2002	4	436.1
DV_NE	2003	1	443.81
DV_NE	2003	2	451.12
DV_NE	2003	3	461.91
DV_NE	2003	4	481.32
DV_NE	2004	1	489.87
DV_NE	2004	2	503.82
DV_NE	2004	3	529.31
DV_NE	2004	4	539.3
DV_NE	2005	1	552.49
DV_NE	2005	2	567.79
DV_NE	2005	3	580.4
DV_NE	2005	4	587.73
DV_NE	2006	1	592.11
DV_NE	2006	2	589.88
DV_NE	2006	3	588.65
DV_NE	2006	4	592.03
DV_NE	2007	1	592.01
DV_NE	2007	2	585.79
DV_NE	2007	3	578.15
DV_NE	2007	4	578.82
DV_NE	2008	1	578.26
DV_NE	2008	2	563.24
DV_NE	2008	3	548.34
DV_NE	2008	4	546.44
DV_NE	2009	1	548.97
DV_NE	2009	2	533.92
DV_NE	2009	3	522.59
DV_NE	2009	4	521.39
DV_NE	2010	1	517.28
DV_NE	2010	2	513.81
DV_NE	2010	3	518.67
DV_NE	2010	4	518.53
DV_NE	2011	1	508.93
DV_NE	2011	2	501.18
DV_NE	2011	3	504.54
DV_NE	2011	4	506.9
DV_NE	2012	1	501.71
DV_NE	2012	2	498.6
DV_NE	2012	3	500.87
DV_NE	2012	4	502.89
DV_NE	2013	1	503.12
DV_NE	2013	2	505.19
DV_NE	2013	3	508.88
DV_PAC	1975	1	43.45
DV_PAC	1975	2	44.46
DV_PAC	1975	3	46.19
DV_PAC	1975	4	47.22
DV_PAC	1976	1	49.21
DV_PAC	1976	2	51.61
DV_PAC	1976	3	54.72
DV_PAC	1976	4	56.67
DV_PAC	1977	1	59.16
DV_PAC	1977	2	63.49
DV_PAC	1977	3	68.32
DV_PAC	1977	4	71.15
DV_PAC	1978	1	73.8
DV_PAC	1978	2	77.08
DV_PAC	1978	3	80.02
DV_PAC	1978	4	83.14
DV_PAC	1979	1	86.12
DV_PAC	1979	2	89.99
DV_PAC	1979	3	93.9
DV_PAC	1979	4	96.83
DV_PAC	1980	1	100
DV_PAC	1980	2	101.72
DV_PAC	1980	3	105.44
DV_PAC	1980	4	106.78
DV_PAC	1981	1	107.38
DV_PAC	1981	2	110.19
DV_PAC	1981	3	112.23
DV_PAC	1981	4	111.48
DV_PAC	1982	1	114.22
DV_PAC	1982	2	113.69
DV_PAC	1982	3	113.67
DV_PAC	1982	4	115.01
DV_PAC	1983	1	115.9
DV_PAC	1983	2	116
DV_PAC	1983	3	115.7
DV_PAC	1983	4	115.9
DV_PAC	1984	1	117.67
DV_PAC	1984	2	118.17
DV_PAC	1984	3	119.29
DV_PAC	1984	4	120.59
DV_PAC	1985	1	121.75
DV_PAC	1985	2	123.03
DV_PAC	1985	3	125.15
DV_PAC	1985	4	126.2
DV_PAC	1986	1	127.76
DV_PAC	1986	2	129.77
DV_PAC	1986	3	131.94
DV_PAC	1986	4	134.27
DV_PAC	1987	1	137.27
DV_PAC	1987	2	139.85
DV_PAC	1987	3	143
DV_PAC	1987	4	145.79
DV_PAC	1988	1	150.87
DV_PAC	1988	2	155.93
DV_PAC	1988	3	162.57
DV_PAC	1988	4	169.73
DV_PAC	1989	1	176.88
DV_PAC	1989	2	184.38
DV_PAC	1989	3	194.14
DV_PAC	1989	4	200.86
DV_PAC	1990	1	205.66
DV_PAC	1990	2	209.49
DV_PAC	1990	3	212.48
DV_PAC	1990	4	212.2
DV_PAC	1991	1	213.39
DV_PAC	1991	2	213.28
DV_PAC	1991	3	213.86
DV_PAC	1991	4	216.18
DV_PAC	1992	1	215.9
DV_PAC	1992	2	214.86
DV_PAC	1992	3	215.56
DV_PAC	1992	4	214.85
DV_PAC	1993	1	212.82
DV_PAC	1993	2	212.29
DV_PAC	1993	3	211.93
DV_PAC	1993	4	211.84
DV_PAC	1994	1	211.25
DV_PAC	1994	2	208.92
DV_PAC	1994	3	207.52
DV_PAC	1994	4	205.39
DV_PAC	1995	1	205.19
DV_PAC	1995	2	207.49
DV_PAC	1995	3	210.16
DV_PAC	1995	4	210.53
DV_PAC	1996	1	211.16
DV_PAC	1996	2	209.49
DV_PAC	1996	3	209.56
DV_PAC	1996	4	210.89
DV_PAC	1997	1	212.14
DV_PAC	1997	2	214.19
DV_PAC	1997	3	218.38
DV_PAC	1997	4	221.76
DV_PAC	1998	1	226.14
DV_PAC	1998	2	230.36
DV_PAC	1998	3	235.61
DV_PAC	1998	4	239.41
DV_PAC	1999	1	242.54
DV_PAC	1999	2	246.33
DV_PAC	1999	3	250.7
DV_PAC	1999	4	254.85
DV_PAC	2000	1	263.81
DV_PAC	2000	2	269.52
DV_PAC	2000	3	276.82
DV_PAC	2000	4	283.91
DV_PAC	2001	1	293.75
DV_PAC	2001	2	301.18
DV_PAC	2001	3	306.61
DV_PAC	2001	4	310.37
DV_PAC	2002	1	317.43
DV_PAC	2002	2	326.17
DV_PAC	2002	3	336.3
DV_PAC	2002	4	344.06
DV_PAC	2003	1	350.76
DV_PAC	2003	2	356.47
DV_PAC	2003	3	366.52
DV_PAC	2003	4	386.05
DV_PAC	2004	1	396.67
DV_PAC	2004	2	417.86
DV_PAC	2004	3	453.38
DV_PAC	2004	4	468.66
DV_PAC	2005	1	487.63
DV_PAC	2005	2	514.99
DV_PAC	2005	3	540.02
DV_PAC	2005	4	563.79
DV_PAC	2006	1	577.76
DV_PAC	2006	2	587.02
DV_PAC	2006	3	592.78
DV_PAC	2006	4	593.15
DV_PAC	2007	1	589.99
DV_PAC	2007	2	584.6
DV_PAC	2007	3	569.76
DV_PAC	2007	4	554.74
DV_PAC	2008	1	533.29
DV_PAC	2008	2	500.87
DV_PAC	2008	3	470.88
DV_PAC	2008	4	458.29
DV_PAC	2009	1	454.39
DV_PAC	2009	2	434.33
DV_PAC	2009	3	423.62
DV_PAC	2009	4	422.96
DV_PAC	2010	1	419.05
DV_PAC	2010	2	417.1
DV_PAC	2010	3	418.78
DV_PAC	2010	4	413.82
DV_PAC	2011	1	399.75
DV_PAC	2011	2	393.14
DV_PAC	2011	3	394.97
DV_PAC	2011	4	394.51
DV_PAC	2012	1	389.9
DV_PAC	2012	2	390.04
DV_PAC	2012	3	397.95
DV_PAC	2012	4	405.3
DV_PAC	2013	1	412.5
DV_PAC	2013	2	428.75
DV_PAC	2013	3	445.18
DV_SA	1975	1	65.4
DV_SA	1975	2	70.86
DV_SA	1975	3	68.4
DV_SA	1975	4	68.7
DV_SA	1976	1	68.3
DV_SA	1976	2	71.86
DV_SA	1976	3	71.42
DV_SA	1976	4	72.17
DV_SA	1977	1	72.89
DV_SA	1977	2	76.43
DV_SA	1977	3	76.01
DV_SA	1977	4	78.7
DV_SA	1978	1	81.36
DV_SA	1978	2	83.49
DV_SA	1978	3	85.46
DV_SA	1978	4	86.76
DV_SA	1979	1	89.7
DV_SA	1979	2	92.13
DV_SA	1979	3	94.48
DV_SA	1979	4	97.14
DV_SA	1980	1	100
DV_SA	1980	2	101.09
DV_SA	1980	3	104.06
DV_SA	1980	4	106.24
DV_SA	1981	1	108.72
DV_SA	1981	2	108.39
DV_SA	1981	3	109.62
DV_SA	1981	4	111.15
DV_SA	1982	1	112.89
DV_SA	1982	2	114.1
DV_SA	1982	3	112.39
DV_SA	1982	4	114.55
DV_SA	1983	1	116.85
DV_SA	1983	2	117.03
DV_SA	1983	3	118.88
DV_SA	1983	4	118.78
DV_SA	1984	1	121.44
DV_SA	1984	2	123
DV_SA	1984	3	123.32
DV_SA	1984	4	124.11
DV_SA	1985	1	126.54
DV_SA	1985	2	127.61
DV_SA	1985	3	129.4
DV_SA	1985	4	130.39
DV_SA	1986	1	132.76
DV_SA	1986	2	135.31
DV_SA	1986	3	137.13
DV_SA	1986	4	138.94
DV_SA	1987	1	141.04
DV_SA	1987	2	143.36
DV_SA	1987	3	145.4
DV_SA	1987	4	146.89
DV_SA	1988	1	149.17
DV_SA	1988	2	152.45
DV_SA	1988	3	154.1
DV_SA	1988	4	155.39
DV_SA	1989	1	157.18
DV_SA	1989	2	158.85
DV_SA	1989	3	161.26
DV_SA	1989	4	162.35
DV_SA	1990	1	163.05
DV_SA	1990	2	162.88
DV_SA	1990	3	163.89
DV_SA	1990	4	163.02
DV_SA	1991	1	164.53
DV_SA	1991	2	165.58
DV_SA	1991	3	165.22
DV_SA	1991	4	167.97
DV_SA	1992	1	169.25
DV_SA	1992	2	168.75
DV_SA	1992	3	171.19
DV_SA	1992	4	171.73
DV_SA	1993	1	171.82
DV_SA	1993	2	173.43
DV_SA	1993	3	174.75
DV_SA	1993	4	175.99
DV_SA	1994	1	176.62
DV_SA	1994	2	176.84
DV_SA	1994	3	177.51
DV_SA	1994	4	177.7
DV_SA	1995	1	178.48
DV_SA	1995	2	180.96
DV_SA	1995	3	183.8
DV_SA	1995	4	185.49
DV_SA	1996	1	187.66
DV_SA	1996	2	187.67
DV_SA	1996	3	188.32
DV_SA	1996	4	189.75
DV_SA	1997	1	191.66
DV_SA	1997	2	192.71
DV_SA	1997	3	195.29
DV_SA	1997	4	198.04
DV_SA	1998	1	201.15
DV_SA	1998	2	201.93
DV_SA	1998	3	204.48
DV_SA	1998	4	207.03
DV_SA	1999	1	208.99
DV_SA	1999	2	211.07
DV_SA	1999	3	213.56
DV_SA	1999	4	215.61
DV_SA	2000	1	218.86
DV_SA	2000	2	222.25
DV_SA	2000	3	225.98
DV_SA	2000	4	229.65
DV_SA	2001	1	235.62
DV_SA	2001	2	239.76
DV_SA	2001	3	243.77
DV_SA	2001	4	247.65
DV_SA	2002	1	251.21
DV_SA	2002	2	255.95
DV_SA	2002	3	261.53
DV_SA	2002	4	265.5
DV_SA	2003	1	269.09
DV_SA	2003	2	273.17
DV_SA	2003	3	277.55
DV_SA	2003	4	285.68
DV_SA	2004	1	291.71
DV_SA	2004	2	299.79
DV_SA	2004	3	311.97
DV_SA	2004	4	321.14
DV_SA	2005	1	331.75
DV_SA	2005	2	345.88
DV_SA	2005	3	360.52
DV_SA	2005	4	371.85
DV_SA	2006	1	380.89
DV_SA	2006	2	386.68
DV_SA	2006	3	390.92
DV_SA	2006	4	396.51
DV_SA	2007	1	398.07
DV_SA	2007	2	397.78
DV_SA	2007	3	392.25
DV_SA	2007	4	390.55
DV_SA	2008	1	386.35
DV_SA	2008	2	374.69
DV_SA	2008	3	359.88
DV_SA	2008	4	353.48
DV_SA	2009	1	358.07
DV_SA	2009	2	346.51
DV_SA	2009	3	333.58
DV_SA	2009	4	328.85
DV_SA	2010	1	323.44
DV_SA	2010	2	318.19
DV_SA	2010	3	321.65
DV_SA	2010	4	318.05
DV_SA	2011	1	307.47
DV_SA	2011	2	299.64
DV_SA	2011	3	302.85
DV_SA	2011	4	304.63
DV_SA	2012	1	299.35
DV_SA	2012	2	296.87
DV_SA	2012	3	301.5
DV_SA	2012	4	303.9
DV_SA	2013	1	305.04
DV_SA	2013	2	310.45
DV_SA	2013	3	313.85
DV_WNC	1975	1	60.44
DV_WNC	1975	2	63.28
DV_WNC	1975	3	61.98
DV_WNC	1975	4	63.49
DV_WNC	1976	1	65.61
DV_WNC	1976	2	69.3
DV_WNC	1976	3	68.14
DV_WNC	1976	4	68.56
DV_WNC	1977	1	70.64
DV_WNC	1977	2	76.02
DV_WNC	1977	3	77.17
DV_WNC	1977	4	79.2
DV_WNC	1978	1	81.33
DV_WNC	1978	2	86.99
DV_WNC	1978	3	88.45
DV_WNC	1978	4	90.03
DV_WNC	1979	1	94.05
DV_WNC	1979	2	97.55
DV_WNC	1979	3	98.65
DV_WNC	1979	4	99.39
DV_WNC	1980	1	100
DV_WNC	1980	2	104.86
DV_WNC	1980	3	104.01
DV_WNC	1980	4	103.04
DV_WNC	1981	1	100.53
DV_WNC	1981	2	101.05
DV_WNC	1981	3	101.43
DV_WNC	1981	4	103.99
DV_WNC	1982	1	102.09
DV_WNC	1982	2	104.25
DV_WNC	1982	3	103.01
DV_WNC	1982	4	105.95
DV_WNC	1983	1	107.62
DV_WNC	1983	2	110.21
DV_WNC	1983	3	109.56
DV_WNC	1983	4	110.39
DV_WNC	1984	1	112.08
DV_WNC	1984	2	112.9
DV_WNC	1984	3	114.37
DV_WNC	1984	4	114.21
DV_WNC	1985	1	115.22
DV_WNC	1985	2	116.58
DV_WNC	1985	3	117.36
DV_WNC	1985	4	118.35
DV_WNC	1986	1	119.88
DV_WNC	1986	2	120.56
DV_WNC	1986	3	122.07
DV_WNC	1986	4	122.82
DV_WNC	1987	1	124.67
DV_WNC	1987	2	125.97
DV_WNC	1987	3	126.33
DV_WNC	1987	4	125.72
DV_WNC	1988	1	126.66
DV_WNC	1988	2	128.16
DV_WNC	1988	3	128.98
DV_WNC	1988	4	129.13
DV_WNC	1989	1	129.78
DV_WNC	1989	2	131.06
DV_WNC	1989	3	132.47
DV_WNC	1989	4	133.07
DV_WNC	1990	1	133.6
DV_WNC	1990	2	134.17
DV_WNC	1990	3	134.94
DV_WNC	1990	4	134.67
DV_WNC	1991	1	136.25
DV_WNC	1991	2	137.38
DV_WNC	1991	3	137.92
DV_WNC	1991	4	139.75
DV_WNC	1992	1	140.71
DV_WNC	1992	2	141.68
DV_WNC	1992	3	143.28
DV_WNC	1992	4	144.22
DV_WNC	1993	1	145.08
DV_WNC	1993	2	146.61
DV_WNC	1993	3	148.55
DV_WNC	1993	4	150.07
DV_WNC	1994	1	151.97
DV_WNC	1994	2	155.47
DV_WNC	1994	3	157.62
DV_WNC	1994	4	158.28
DV_WNC	1995	1	159.89
DV_WNC	1995	2	162.76
DV_WNC	1995	3	164.98
DV_WNC	1995	4	166.77
DV_WNC	1996	1	168.63
DV_WNC	1996	2	170.56
DV_WNC	1996	3	172.26
DV_WNC	1996	4	173.72
DV_WNC	1997	1	175.27
DV_WNC	1997	2	177.4
DV_WNC	1997	3	179.9
DV_WNC	1997	4	182.01
DV_WNC	1998	1	184.29
DV_WNC	1998	2	185.94
DV_WNC	1998	3	188.65
DV_WNC	1998	4	190.57
DV_WNC	1999	1	192.89
DV_WNC	1999	2	196.57
DV_WNC	1999	3	199.36
DV_WNC	1999	4	201.04
DV_WNC	2000	1	204.7
DV_WNC	2000	2	208.05
DV_WNC	2000	3	211.51
DV_WNC	2000	4	214.06
DV_WNC	2001	1	218.39
DV_WNC	2001	2	221.94
DV_WNC	2001	3	225.45
DV_WNC	2001	4	227.82
DV_WNC	2002	1	231.21
DV_WNC	2002	2	234.43
DV_WNC	2002	3	237.78
DV_WNC	2002	4	240.44
DV_WNC	2003	1	242.6
DV_WNC	2003	2	244.62
DV_WNC	2003	3	248.12
DV_WNC	2003	4	253.83
DV_WNC	2004	1	256.37
DV_WNC	2004	2	260.06
DV_WNC	2004	3	265.89
DV_WNC	2004	4	269.35
DV_WNC	2005	1	273.15
DV_WNC	2005	2	277.68
DV_WNC	2005	3	282.28
DV_WNC	2005	4	284.74
DV_WNC	2006	1	286.2
DV_WNC	2006	2	287.37
DV_WNC	2006	3	289.22
DV_WNC	2006	4	291.83
DV_WNC	2007	1	293.57
DV_WNC	2007	2	294.17
DV_WNC	2007	3	292.09
DV_WNC	2007	4	292.75
DV_WNC	2008	1	294.3
DV_WNC	2008	2	290.38
DV_WNC	2008	3	285.83
DV_WNC	2008	4	286.44
DV_WNC	2009	1	289.66
DV_WNC	2009	2	285.41
DV_WNC	2009	3	279.63
DV_WNC	2009	4	278.25
DV_WNC	2010	1	275.55
DV_WNC	2010	2	274.81
DV_WNC	2010	3	278.53
DV_WNC	2010	4	277.11
DV_WNC	2011	1	271.05
DV_WNC	2011	2	267.57
DV_WNC	2011	3	271.02
DV_WNC	2011	4	272.84
DV_WNC	2012	1	270.8
DV_WNC	2012	2	269.95
DV_WNC	2012	3	272.72
DV_WNC	2012	4	274.38
DV_WNC	2013	1	274.96
DV_WNC	2013	2	277.45
DV_WNC	2013	3	281.02
DV_WSC	1975	1	55.24
DV_WSC	1975	2	57.38
DV_WSC	1975	3	55.99
DV_WSC	1975	4	58.06
DV_WSC	1976	1	58.83
DV_WSC	1976	2	62.84
DV_WSC	1976	3	62.85
DV_WSC	1976	4	63.91
DV_WSC	1977	1	65.99
DV_WSC	1977	2	69.04
DV_WSC	1977	3	69.01
DV_WSC	1977	4	72.76
DV_WSC	1978	1	75.82
DV_WSC	1978	2	78.34
DV_WSC	1978	3	81.59
DV_WSC	1978	4	84.94
DV_WSC	1979	1	88.95
DV_WSC	1979	2	92.31
DV_WSC	1979	3	95.31
DV_WSC	1979	4	97.15
DV_WSC	1980	1	100
DV_WSC	1980	2	102.61
DV_WSC	1980	3	104.08
DV_WSC	1980	4	105.12
DV_WSC	1981	1	105.68
DV_WSC	1981	2	110.08
DV_WSC	1981	3	113.8
DV_WSC	1981	4	116.42
DV_WSC	1982	1	119.09
DV_WSC	1982	2	120.5
DV_WSC	1982	3	120.59
DV_WSC	1982	4	122.7
DV_WSC	1983	1	123.54
DV_WSC	1983	2	124.28
DV_WSC	1983	3	124.3
DV_WSC	1983	4	124.43
DV_WSC	1984	1	123.49
DV_WSC	1984	2	124.09
DV_WSC	1984	3	125.02
DV_WSC	1984	4	124.54
DV_WSC	1985	1	123.08
DV_WSC	1985	2	123.62
DV_WSC	1985	3	124.08
DV_WSC	1985	4	122.66
DV_WSC	1986	1	125.12
DV_WSC	1986	2	127
DV_WSC	1986	3	124.14
DV_WSC	1986	4	122.41
DV_WSC	1987	1	122.75
DV_WSC	1987	2	120.3
DV_WSC	1987	3	115.26
DV_WSC	1987	4	112.4
DV_WSC	1988	1	111.8
DV_WSC	1988	2	113.09
DV_WSC	1988	3	111.04
DV_WSC	1988	4	110.3
DV_WSC	1989	1	110.73
DV_WSC	1989	2	111.49
DV_WSC	1989	3	113.49
DV_WSC	1989	4	112.95
DV_WSC	1990	1	112.69
DV_WSC	1990	2	113.6
DV_WSC	1990	3	114.08
DV_WSC	1990	4	113.52
DV_WSC	1991	1	114.71
DV_WSC	1991	2	116.15
DV_WSC	1991	3	116.41
DV_WSC	1991	4	118.04
DV_WSC	1992	1	119.62
DV_WSC	1992	2	119.43
DV_WSC	1992	3	121.38
DV_WSC	1992	4	122.05
DV_WSC	1993	1	122.59
DV_WSC	1993	2	124.03
DV_WSC	1993	3	125.68
DV_WSC	1993	4	127.12
DV_WSC	1994	1	128.2
DV_WSC	1994	2	129.29
DV_WSC	1994	3	129.63
DV_WSC	1994	4	129.38
DV_WSC	1995	1	129.84
DV_WSC	1995	2	132.26
DV_WSC	1995	3	133.96
DV_WSC	1995	4	134.92
DV_WSC	1996	1	136.51
DV_WSC	1996	2	136.74
DV_WSC	1996	3	137.2
DV_WSC	1996	4	138.02
DV_WSC	1997	1	138.83
DV_WSC	1997	2	139.92
DV_WSC	1997	3	141.35
DV_WSC	1997	4	143.16
DV_WSC	1998	1	145.28
DV_WSC	1998	2	146.23
DV_WSC	1998	3	148.51
DV_WSC	1998	4	150.22
DV_WSC	1999	1	151.42
DV_WSC	1999	2	153.73
DV_WSC	1999	3	155.78
DV_WSC	1999	4	157.15
DV_WSC	2000	1	159.21
DV_WSC	2000	2	161.32
DV_WSC	2000	3	163.49
DV_WSC	2000	4	165.28
DV_WSC	2001	1	169.74
DV_WSC	2001	2	171.68
DV_WSC	2001	3	173.14
DV_WSC	2001	4	175.04
DV_WSC	2002	1	175.66
DV_WSC	2002	2	177.07
DV_WSC	2002	3	179.86
DV_WSC	2002	4	181.92
DV_WSC	2003	1	183.07
DV_WSC	2003	2	184.45
DV_WSC	2003	3	185.44
DV_WSC	2003	4	187.05
DV_WSC	2004	1	188.42
DV_WSC	2004	2	190.58
DV_WSC	2004	3	192.41
DV_WSC	2004	4	194.97
DV_WSC	2005	1	196.29
DV_WSC	2005	2	199.73
DV_WSC	2005	3	203.2
DV_WSC	2005	4	206.21
DV_WSC	2006	1	209.11
DV_WSC	2006	2	212.66
DV_WSC	2006	3	215.72
DV_WSC	2006	4	218.71
DV_WSC	2007	1	221.31
DV_WSC	2007	2	224.38
DV_WSC	2007	3	225.29
DV_WSC	2007	4	227.08
DV_WSC	2008	1	228.35
DV_WSC	2008	2	228.78
DV_WSC	2008	3	227.58
DV_WSC	2008	4	228.24
DV_WSC	2009	1	231.1
DV_WSC	2009	2	229.3
DV_WSC	2009	3	226.91
DV_WSC	2009	4	226.73
DV_WSC	2010	1	225.04
DV_WSC	2010	2	225
DV_WSC	2010	3	226.69
DV_WSC	2010	4	225.79
DV_WSC	2011	1	222.34
DV_WSC	2011	2	221.46
DV_WSC	2011	3	223.1
DV_WSC	2011	4	224.29
DV_WSC	2012	1	224.17
DV_WSC	2012	2	225.36
DV_WSC	2012	3	227.48
DV_WSC	2012	4	229.2
DV_WSC	2013	1	229.99
DV_WSC	2013	2	233.71
DV_WSC	2013	3	236.47
USA	1975	1	59.77
USA	1975	2	61.18
USA	1975	3	61.24
USA	1975	4	62.3
USA	1976	1	62.85
USA	1976	2	65.53
USA	1976	3	66.62
USA	1976	4	67.57
USA	1977	1	69.43
USA	1977	2	72.67
USA	1977	3	74.39
USA	1977	4	77.15
USA	1978	1	79.5
USA	1978	2	82.75
USA	1978	3	85.24
USA	1978	4	87.43
USA	1979	1	91.39
USA	1979	2	94.32
USA	1979	3	96.36
USA	1979	4	98.33
USA	1980	1	100
USA	1980	2	101.57
USA	1980	3	104.43
USA	1980	4	104.74
USA	1981	1	105.48
USA	1981	2	107.5
USA	1981	3	109.25
USA	1981	4	109.16
USA	1982	1	110.77
USA	1982	2	111.79
USA	1982	3	110.77
USA	1982	4	112.19
USA	1983	1	114.18
USA	1983	2	115.34
USA	1983	3	116.32
USA	1983	4	116.98
USA	1984	1	118.7
USA	1984	2	120.23
USA	1984	3	121.43
USA	1984	4	122.43
USA	1985	1	124.1
USA	1985	2	126
USA	1985	3	127.99
USA	1985	4	129.4
USA	1986	1	131.86
USA	1986	2	134.61
USA	1986	3	136.65
USA	1986	4	138.75
USA	1987	1	141.48
USA	1987	2	143.7
USA	1987	3	145.29
USA	1987	4	146.22
USA	1988	1	148.52
USA	1988	2	151.47
USA	1988	3	153.05
USA	1988	4	154.48
USA	1989	1	156.27
USA	1989	2	158.43
USA	1989	3	161.78
USA	1989	4	163.1
USA	1990	1	164.04
USA	1990	2	164.7
USA	1990	3	165.69
USA	1990	4	165.06
USA	1991	1	166.44
USA	1991	2	167.55
USA	1991	3	167.84
USA	1991	4	170.2
USA	1992	1	171.52
USA	1992	2	171.49
USA	1992	3	173.44
USA	1992	4	174.32
USA	1993	1	174.39
USA	1993	2	176.04
USA	1993	3	177.46
USA	1993	4	178.92
USA	1994	1	180.06
USA	1994	2	181.16
USA	1994	3	181.93
USA	1994	4	181.76
USA	1995	1	182.73
USA	1995	2	185.7
USA	1995	3	188.55
USA	1995	4	190.04
USA	1996	1	192.2
USA	1996	2	192.51
USA	1996	3	193.38
USA	1996	4	194.87
USA	1997	1	196.51
USA	1997	2	198.16
USA	1997	3	200.88
USA	1997	4	203.49
USA	1998	1	206.53
USA	1998	2	208.39
USA	1998	3	211.3
USA	1998	4	213.8
USA	1999	1	216.06
USA	1999	2	218.95
USA	1999	3	222.05
USA	1999	4	224.34
USA	2000	1	228.63
USA	2000	2	232.36
USA	2000	3	236.57
USA	2000	4	240.22
USA	2001	1	246.14
USA	2001	2	250.26
USA	2001	3	254.14
USA	2001	4	257.3
USA	2002	1	261.01
USA	2002	2	265.42
USA	2002	3	270.7
USA	2002	4	274.55
USA	2003	1	277.9
USA	2003	2	281.28
USA	2003	3	285.57
USA	2003	4	293.61
USA	2004	1	298.2
USA	2004	2	305.45
USA	2004	3	317.07
USA	2004	4	323.81
USA	2005	1	331.26
USA	2005	2	341.82
USA	2005	3	352.11
USA	2005	4	360.07
USA	2006	1	365.85
USA	2006	2	369.63
USA	2006	3	372.73
USA	2006	4	376.54
USA	2007	1	377.99
USA	2007	2	377.79
USA	2007	3	373.71
USA	2007	4	372.73
USA	2008	1	370.35
USA	2008	2	361.39
USA	2008	3	350.36
USA	2008	4	347.36
USA	2009	1	350.01
USA	2009	2	340.72
USA	2009	3	331.85
USA	2009	4	329.57
USA	2010	1	325.62
USA	2010	2	322.85
USA	2010	3	326.05
USA	2010	4	323.74
USA	2011	1	314.85
USA	2011	2	309.65
USA	2011	3	312.36
USA	2011	4	313.83
USA	2012	1	310.64
USA	2012	2	309.65
USA	2012	3	313.63
USA	2012	4	316.19
USA	2013	1	317.79
USA	2013	2	322.94
USA	2013	3	327.9
