	(1)	(2)	(3)	(4)
VARIABLES	reelected	reelected	reelected	reelected
				
superinteraction	0.123	0.218*	0.007	0.027**
	(0.126)	(0.111)	(0.005)	(0.011)
interaction	-2.163***	-1.458**	-0.097***	-0.095
	(0.778)	(0.655)	(0.036)	(0.062)
interaction2	-0.035	-0.082	0.019	0.021
	(0.118)	(0.084)	(0.074)	(0.070)
broad	0.873*			
	(0.524)			
before	1.894***	0.863*	0.630	0.485
	(0.686)	(0.445)	(0.392)	(0.367)
fpm_hat	0.028	0.048	0.020	0.029
	(0.075)	(0.075)	(0.077)	(0.077)
pop	0.000	0.000	0.000	-0.000
	(0.000)	(0.000)	(0.000)	(0.000)
pop_2	-0.000	-0.000	-0.000	0.000
	(0.000)	(0.000)	(0.000)	(0.000)
pop_3	0.000	0.000	-0.000	-0.000
	(0.000)	(0.000)	(0.000)	(0.000)
pop_bcbroad	0.000**			
	(0.000)			
pop_2_bcbroad	-0.000***			
	(0.000)			
pop_3_bcbroad	0.000***			
	(0.000)			
pop_cbroad	-0.000*			
	(0.000)			
pop_2_cbroad	0.000			
	(0.000)			
pop_3_cbroad	-0.000			
	(0.000)			
pop_b	-0.000**	-0.000	-0.000	-0.000
	(0.000)	(0.000)	(0.000)	(0.000)
pop_2_b	0.000**	0.000	0.000	0.000
	(0.000)	(0.000)	(0.000)	(0.000)
pop_3_b	-0.000**	-0.000	-0.000	-0.000
	(0.000)	(0.000)	(0.000)	(0.000)
_Iregions_2	-0.187	-0.182	-0.182	-0.202
	(0.124)	(0.125)	(0.125)	(0.126)
_Iregions_3	-0.054	-0.034	-0.041	-0.034
	(0.141)	(0.142)	(0.141)	(0.142)
_Iregions_4	-0.018	0.011	0.011	0.030
	(0.128)	(0.130)	(0.132)	(0.133)
_Iregions_5	0.003	0.004	0.056	0.042
	(0.141)	(0.144)	(0.145)	(0.147)
_Iregions_6	-0.102	-0.065	-0.088	-0.085
	(0.134)	(0.135)	(0.134)	(0.134)
_Iregions_7	-0.051	-0.026	-0.064	-0.060
	(0.173)	(0.173)	(0.179)	(0.180)
_Iregions_8	-0.242	-0.201	-0.219	-0.224
	(0.164)	(0.162)	(0.161)	(0.163)
_Iregions_9	-0.045	-0.036	-0.032	-0.043
	(0.162)	(0.161)	(0.161)	(0.161)
_Iregions_10	-0.145	-0.141	-0.108	-0.126
	(0.120)	(0.123)	(0.120)	(0.122)
_Iregions_11	0.048	0.041	0.051	0.059
	(0.128)	(0.129)	(0.129)	(0.130)
_Iregions_12	0.039	0.064	0.086	0.094
	(0.122)	(0.124)	(0.122)	(0.123)
_Iregions_13	-0.219	-0.216	-0.243*	-0.238
	(0.154)	(0.156)	(0.147)	(0.146)
_Iregions_14	-0.133	-0.092	-0.116	-0.104
	(0.131)	(0.133)	(0.132)	(0.133)
_Iregions_15	-0.129	-0.098	-0.103	-0.094
	(0.154)	(0.155)	(0.153)	(0.153)
_Iregions_16	-0.076	-0.054	-0.052	-0.062
	(0.138)	(0.139)	(0.139)	(0.142)
_Iregions_17	-0.184	-0.154	-0.146	-0.146
	(0.116)	(0.118)	(0.116)	(0.117)
_Iregions_18	0.102	0.134	0.113	0.100
	(0.151)	(0.153)	(0.153)	(0.154)
_Iregions_19	-0.126	-0.104	-0.109	-0.106
	(0.140)	(0.142)	(0.147)	(0.146)
_Iregions_20	0.016	0.017	0.020	0.027
	(0.138)	(0.140)	(0.141)	(0.142)
_Iterm_2005	0.132**	0.112*	0.132**	0.122**
	(0.060)	(0.060)	(0.061)	(0.062)
narrow		0.986**		
		(0.418)		
pop_bcnarrow		0.000*		
		(0.000)		
pop_2_bcnarrow		-0.000**		
		(0.000)		
pop_3_bcnarrow		0.000**		
		(0.000)		
pop_cnarrow		-0.000**		
		(0.000)		
pop_2_cnarrow		0.000***		
		(0.000)		
pop_3_cnarrow		-0.000***		
		(0.000)		
fraction_broad			0.049**	
			(0.021)	
pop_bcfraction_broad			0.000**	
			(0.000)	
pop_2_bcfraction_broad			-0.000**	
			(0.000)	
pop_3_bcfraction_broad			0.000*	
			(0.000)	
pop_cfraction_broad			-0.000**	
			(0.000)	
pop_2_cfraction_broad			0.000**	
			(0.000)	
pop_3_cfraction_broad			-0.000**	
			(0.000)	
fraction_narrow				0.077***
				(0.021)
pop_bcfraction_narrow				0.000
				(0.000)
pop_2_bcfraction_narrow				-0.000
				(0.000)
pop_3_bcfraction_narrow				-0.000
				(0.000)
pop_cfraction_narrow				-0.000***
				(0.000)
pop_2_cfraction_narrow				0.000***
				(0.000)
pop_3_cfraction_narrow				-0.000***
				(0.000)
				
Observations	816	816	766	766
R-squared	0.083	0.086	0.082	0.090
Robust standard errors in parentheses				
*** p<0.01, ** p<0.05, * p<0.1				
