                            (1) ols1   (2) ols2   (3) ols3   (4) ols4   (5) ols5
                              b/se/p     b/se/p     b/se/p     b/se/p     b/se/p
deltaP                       0.04145    0.06742    0.09290    0.00476    0.00855
                               0.011      0.028      0.025      0.001      0.003
                               0.000      0.021      0.000      0.002      0.009
units_growth_alt            -0.00095   -0.00067   -0.02856    0.00672   -0.00446
                               0.012      0.021      0.018      0.003      0.005
                               0.938      0.975      0.122      0.011      0.361
test_eq                        0.014      0.114      0.001      0.571      0.059
N                            275.000    275.000    275.000    275.000    275.000
r2                             0.274      0.141      0.158      0.121      0.162
