                            (1) ols1   (2) ols2   (3) ols3   (4) ols4   (5) ols5
                              b/se/p     b/se/p     b/se/p     b/se/p     b/se/p
deltaP                       0.01976    0.07236    0.10184    0.03301    0.00339
                               0.013      0.021      0.017      0.007      0.002
                               0.123      0.001      0.000      0.000      0.147
units_growth_alt             0.02641    0.03602    0.00983    0.02008   -0.00391
                               0.014      0.019      0.020      0.011      0.002
                               0.070      0.062      0.622      0.083      0.118
test_eq                        0.731      0.210      0.001      0.447      0.080
N                            275.000    275.000    275.000    275.000    275.000
r2                             0.241      0.237      0.237      0.167      0.047
