                             (1) iv1    (2) iv2    (3) iv3    (4) iv4    (5) iv5
                              b/se/p     b/se/p     b/se/p     b/se/p     b/se/p
hp_growth_real_00_06         0.09185    0.11059    0.26140    0.01810    0.01526
                               0.040      0.056      0.103      0.012      0.011
                               0.022      0.049      0.011      0.137      0.165
demandXelast                -0.02111   -0.02073   -0.05661   -0.00113   -0.00484
                               0.014      0.019      0.031      0.006      0.004
                               0.124      0.277      0.070      0.839      0.190
Fstat                          4.734      4.734      4.734      4.734      4.734
N                            237.000    237.000    237.000    237.000    237.000
r2                             0.215      0.189      0.240      0.158      0.040
