                             (1) iv1    (2) iv2    (3) iv3    (4) iv4    (5) iv5
                              b/se/p     b/se/p     b/se/p     b/se/p     b/se/p
hp_growth_real_00_06         0.06791    0.07480    0.19114    0.01430    0.01272
                               0.026      0.036      0.067      0.008      0.008
                               0.008      0.037      0.005      0.083      0.113
demandXelast                -0.02807    0.01617   -0.05108    0.00376   -0.00977
                               0.023      0.030      0.059      0.009      0.006
                               0.216      0.584      0.389      0.660      0.112
Fstat                          5.822      5.822      5.822      5.822      5.822
N                            237.000    237.000    237.000    237.000    237.000
r2                             0.238      0.205      0.270      0.158     -0.027
