                            (1) ols1   (2) ols2   (3) ols3   (4) ols4   (5) ols5
                              b/se/p     b/se/p     b/se/p     b/se/p     b/se/p
hp_growth_real_00_06         0.02735    0.03773    0.08416    0.01307   -0.00082
                               0.007      0.018      0.023      0.003      0.002
                               0.000      0.038      0.001      0.000      0.652
demandXelast                 0.00570    0.03450    0.02988   -0.00060   -0.00079
                               0.009      0.014      0.024      0.003      0.002
                               0.536      0.021      0.220      0.858      0.697
mean                                                                            
N                            237.000    237.000    237.000    237.000    237.000
r2                             0.342      0.228      0.363      0.165      0.144
