                            (1) ols1   (2) ols2   (3) ols3   (4) ols4   (5) ols5
                              b/se/p     b/se/p     b/se/p     b/se/p     b/se/p
hp_growth_real_00_06         0.02792    0.04065    0.08755    0.01382    0.00020
                               0.009      0.028      0.030      0.003      0.003
                               0.003      0.155      0.006      0.000      0.939
demandXelast                 0.00087    0.00685    0.00493   -0.00027   -0.00096
                               0.004      0.013      0.013      0.002      0.001
                               0.820      0.604      0.701      0.901      0.437
mean                                                                            
N                            237.000    237.000    237.000    237.000    237.000
r2                             0.341      0.228      0.360      0.162      0.164
