                            (1) ols1   (2) ols2   (3) ols3   (4) ols4   (5) ols5
                              b/se/p     b/se/p     b/se/p     b/se/p     b/se/p
deltaP                       0.02845    0.06471    0.09882    0.01957    0.00603
                               0.011      0.022      0.017      0.004      0.002
                               0.012      0.005      0.000      0.000      0.008
units_growth_alt             0.01424    0.02962   -0.00444    0.01322   -0.00401
                               0.011      0.016      0.015      0.007      0.003
                               0.205      0.067      0.774      0.058      0.137
test_eq                        0.356      0.203      0.000      0.528      0.013
N                            275.000    275.000    275.000    275.000    275.000
r2                             0.360      0.286      0.297      0.175      0.196
